ModelThickMax,ModelThickMin,ModelThickDiff,ModelThickMedian,ModelThickMean,ModelThickStd,ModeVelCoeff,EnvelopeAvgTimeDiff,EnvelopeAvgAmpReduc,PhaseDiffMean,Win4_PeakAmp,Win4_PeakFreq,Win4_fwhmFreqRange
52,46,6,50,50.1882820129395,1.51294243335724,0.999000012874603,9.03999971342273e-05,-0.195607781410217,2.12623810768127,1.04577929960215e-06,49804.6875,30273.4375
50,49,1,50,49.5109367370605,0.50007575750351,0.992999970912933,8.90899973455817e-05,-0.158950924873352,2.67784738540649,1.2537225302367e-06,49804.6875,29296.875
54,51,3,53,52.7453117370605,0.95356285572052,1.00999999046326,8.78999999258667e-05,-0.175244867801666,-2.59500122070312,1.18299351470341e-06,47851.5625,30273.4375
62,61,1,62,61.5390625,0.498666614294052,0.985000014305115,8.63649984239601e-05,-0.103810876607895,-0.360484957695007,1.14490615032992e-06,47851.5625,31250
50,46,4,49,48.4195327758789,1.15211725234985,1.00999999046326,8.88950016815215e-05,-0.192239195108414,2.09513449668884,1.12781901862036e-06,48828.125,30273.4375
51,42,9,50,49.2140617370605,1.67195200920105,0.986000001430511,9.00849991012365e-05,-0.21669802069664,1.42601346969604,1.01372563676705e-06,48828.125,27343.75
62,59,3,61,60.6953125,0.971514463424683,0.991999983787537,8.6749998445157e-05,-0.133774548768997,-0.913392663002014,1.08781625840493e-06,47851.5625,31250
54,47,7,52,52.18359375,1.51970517635345,0.992999970912933,8.99200022104196e-05,-0.190723866224289,2.70987606048584,1.01501177596219e-06,48828.125,30273.4375
64,55,9,62,61.62890625,1.96026408672333,1.01999998092651,8.6669999291189e-05,-0.139712929725647,-0.47824090719223,9.82635356194805e-07,46875,33203.125
55,48,7,53,52.9921875,1.6772221326828,1.00399994850159,8.88499998836778e-05,-0.204339772462845,1.30383670330048,1.0042605254057e-06,49804.6875,31250
61,60,1,61,60.5164070129395,0.499926090240479,1.0110000371933,8.45649992697872e-05,-0.110557645559311,0.0792999267578125,1.11855854356691e-06,45898.4375,31250
53,48,5,51,51.2296867370605,1.3211669921875,1.00199997425079,8.98099970072508e-05,-0.183173805475235,2.66968774795532,1.11404676772509e-06,49804.6875,30273.4375
50,44,6,48,48.0828132629395,1.51076972484589,1.01999998092651,8.93949982128106e-05,-0.199013978242874,1.90834331512451,1.1652763305392e-06,47851.5625,29296.875
63,58,5,61,61.1015625,1.32244610786438,0.986999988555908,8.7350003013853e-05,-0.14621239900589,-1.17622756958008,1.03026275155571e-06,47851.5625,30273.4375
63,56,7,61,60.9515609741211,1.67187023162842,1.00399994850159,8.67999988258816e-05,-0.144002467393875,-0.898160040378571,1.03597415090917e-06,46875,31250
60,53,7,58,57.9187507629395,1.56524753570557,1.01199996471405,8.66600021254271e-05,-0.161198168992996,-1.43030071258545,1.12498878479528e-06,46875,30273.4375
61,58,3,60,59.67578125,0.948415100574493,1.00499999523163,8.64100002218038e-05,-0.145025640726089,-0.815767884254456,1.06596894511313e-06,47851.5625,31250
50,40,10,48,47.81640625,1.71773970127106,1.01600003242493,9.13149997359142e-05,-0.188577502965927,1.69434332847595,9.65700564847793e-07,45898.4375,33203.125
61,59,2,60,60.0523452758789,0.744798481464386,1.00399994850159,8.58700004755519e-05,-0.123555272817612,-0.543260097503662,1.13585781491565e-06,46875,30273.4375
57,51,6,55,55.1875,1.4617885351181,1.01300001144409,8.75100013217889e-05,-0.178974241018295,-2.14337778091431,1.11807776193018e-06,46875,29296.875
56,49,7,55,54.2390632629395,1.47346794605255,0.986999988555908,8.95100019988604e-05,-0.200782507658005,-1.64422643184662,1.02029036952445e-06,47851.5625,28320.3125
58,49,9,56,55.9406242370605,1.72129368782043,0.990000009536743,8.74350007507019e-05,-0.180080235004425,-2.62322497367859,1.01126875051705e-06,47851.5625,30273.4375
54,48,6,52,52.2835922241211,1.33984923362732,0.998000025749207,8.95400007721037e-05,-0.190591096878052,2.63377571105957,1.09118536784081e-06,49804.6875,30273.4375
60,51,9,58,57.8812484741211,1.67162537574768,1.01400005817413,8.70599978952669e-05,-0.156765580177307,-1.48004150390625,1.08859433112229e-06,46875,31250
54,45,9,52,51.9562492370605,1.73082029819489,0.996999979019165,8.86549969436601e-05,-0.181299477815628,2.62623715400696,1.05447065834596e-06,48828.125,29296.875
58,53,5,56,56.2718734741211,1.35416638851166,1.00499999523163,8.77400016179308e-05,-0.167446106672287,-1.97899997234344,1.09681172943965e-06,47851.5625,30273.4375
52,42,10,50,50.0750007629395,1.67649435997009,0.995999991893768,9.02050014701672e-05,-0.199652701616287,2.02118372917175,9.47069054291205e-07,50781.25,31250
60,58,2,59,59.0320320129395,0.735392928123474,1.01300001144409,8.55800026329234e-05,-0.119540840387344,-0.551645517349243,1.1512900073285e-06,46875,32226.5625
52,47,5,51,50.4007797241211,1.25467050075531,0.987999975681305,8.98849975783378e-05,-0.187957912683487,2.02890920639038,1.03754541669332e-06,49804.6875,30273.4375
52,43,9,50,50.01953125,1.66988492012024,1.00399994850159,8.9565000962466e-05,-0.167793214321136,2.15391373634338,1.14605870749074e-06,48828.125,29296.875
50,40,10,48,47.71875,1.77700316905975,1.00300002098083,9.26650027395226e-05,-0.194371104240417,1.23682928085327,1.06247875919507e-06,50781.25,31250
51,47,4,49,49.3796882629395,1.17021679878235,0.995999991893768,9.02250030776486e-05,-0.181071937084198,1.9964005947113,1.12165389509755e-06,49804.6875,29296.875
53,46,7,51,50.9906234741211,1.58419859409332,1.00800001621246,8.99150036275387e-05,-0.192043483257294,2.55109119415283,1.1385230891392e-06,49804.6875,29296.875
53,52,1,53,52.5062484741211,0.500156342983246,0.981000006198883,8.8455002696719e-05,-0.143540114164352,-2.7623827457428,1.23618974612327e-06,49804.6875,29296.875
54,49,5,52,52.1742172241211,1.36129605770111,1.01400005817413,8.85600020410493e-05,-0.184284538030624,-2.96958780288696,1.17094941742835e-06,47851.5625,29296.875
50,46,4,48,48.2906265258789,1.15421092510223,0.994000017642975,9.07249996089377e-05,-0.196565061807632,1.58552646636963,1.07240282432031e-06,49804.6875,30273.4375
64,57,7,62,62.16015625,1.54174840450287,1.01199996471405,8.58100029290654e-05,-0.147848278284073,-0.349998891353607,9.22784408885491e-07,46875,32226.5625
51,50,1,51,50.5328140258789,0.499117195606232,0.991999983787537,8.89799994183704e-05,-0.147764414548874,-1.00388538837433,1.27672126382095e-06,49804.6875,30273.4375
60,59,1,60,59.5148429870605,0.499974966049194,0.986999988555908,8.67799972184002e-05,-0.119484841823578,-0.760403633117676,1.1504747590152e-06,47851.5625,30273.4375
58,52,6,56,56.0421867370605,1.53808104991913,0.995000004768372,8.79099970916286e-05,-0.180521339178085,-2.44030284881592,1.0326502888347e-06,48828.125,30273.4375
58,53,5,56,56.2359390258789,1.31055343151093,1.01199996471405,8.63349996507168e-05,-0.168017417192459,-1.7602379322052,1.07954417671863e-06,47851.5625,30273.4375
51,49,2,50,50.0085945129395,0.732846856117249,1.00800001621246,8.81149971974082e-05,-0.152312248945236,2.04117751121521,1.34854724365141e-06,48828.125,30273.4375
53,49,4,52,51.4203109741211,1.15826296806335,0.995999991893768,8.91349991434254e-05,-0.18095189332962,2.72815656661987,1.11096608179651e-06,49804.6875,30273.4375
61,49,12,59,59.0929679870605,1.71821331977844,1.01800000667572,8.56300030136481e-05,-0.17435896396637,-0.95521092414856,9.6178223429888e-07,46875,30273.4375
56,49,7,55,54.2726554870605,1.41803503036499,0.995999991893768,8.8305001554545e-05,-0.200650334358215,-2.78542184829712,1.03126285466715e-06,48828.125,29296.875
56,54,2,55,55.0703125,0.730049669742584,0.994000017642975,8.74899997143075e-05,-0.146212041378021,-2.09341239929199,1.2246160849827e-06,47851.5625,30273.4375
58,57,1,58,57.5031242370605,0.500185668468475,0.985000014305115,8.71000011102296e-05,-0.125120401382446,-1.28624379634857,1.17078695893724e-06,48828.125,30273.4375
56,55,1,56,55.51171875,0.500058054924011,0.98199999332428,8.74300021678209e-05,-0.130763024091721,-1.88937926292419,1.21325911095482e-06,48828.125,31250
62,57,5,60,60.2046890258789,1.35098254680634,0.994000017642975,8.7350003013853e-05,-0.148035228252411,-1.21825039386749,1.04494813513156e-06,47851.5625,30273.4375
61,50,11,59,59.0031242370605,1.87072157859802,0.982999980449677,8.91699964995496e-05,-0.153568744659424,-1.96187019348145,9.65302660915768e-07,47851.5625,31250
54,44,10,52,51.89453125,1.80234444141388,0.998000025749207,8.84949986357242e-05,-0.201181083917618,2.43438649177551,1.04711511994537e-06,49804.6875,31250
62,57,5,60,60.2281265258789,1.35820198059082,1.01499998569489,8.65399997564964e-05,-0.153979480266571,-0.669781923294067,1.06825302736979e-06,47851.5625,29296.875
57,47,10,55,55.0562515258789,1.64996981620789,0.999000012874603,8.81099986145273e-05,-0.17771589756012,-2.56295371055603,1.03067588952399e-06,48828.125,32226.5625
59,50,9,57,57.1703109741211,1.5760303735733,0.999000012874603,8.68049974087626e-05,-0.167142927646637,-2.00384593009949,1.03733987089072e-06,47851.5625,30273.4375
62,56,6,60,60.1070327758789,1.49283850193024,0.990000009536743,8.71099982759915e-05,-0.14535665512085,-1.42648148536682,1.03466959444631e-06,47851.5625,32226.5625
57,52,5,56,55.3289070129395,1.34290206432343,0.986000001430511,8.92850002855994e-05,-0.169885486364365,-2.73844432830811,1.07456082787394e-06,48828.125,30273.4375
61,58,3,60,59.6671867370605,0.963858962059021,0.989000022411346,8.74300021678209e-05,-0.142040014266968,-1.2351188659668,1.08631343209709e-06,47851.5625,30273.4375
59,55,4,58,57.5226554870605,1.16749799251556,1.00300002098083,8.67199996719137e-05,-0.164242446422577,-1.52919816970825,1.02087471987033e-06,46875,31250
56,51,5,54,54.2023429870605,1.32946193218231,1.00399994850159,8.78950013429858e-05,-0.183944225311279,-2.59722685813904,1.09817381144239e-06,48828.125,29296.875
61,52,9,59,59.0078125,1.66317844390869,0.989000022411346,8.85850022314116e-05,-0.158454805612564,-1.74200868606567,1.01692933185404e-06,48828.125,31250
51,44,7,49,49.0250015258789,1.60072302818298,0.995999991893768,9.13350013433956e-05,-0.201740086078644,1.57355892658234,1.04812465906434e-06,50781.25,28320.3125
58,55,3,57,56.6890640258789,0.950801849365234,1.00300002098083,8.67799972184002e-05,-0.148432195186615,-1.59805607795715,1.11161864424503e-06,47851.5625,32226.5625
50,48,2,49,49.0523452758789,0.733160138130188,1.0110000371933,8.8155000412371e-05,-0.153266042470932,2.79461240768433,1.36981452669716e-06,48828.125,30273.4375
52,46,6,50,50.1882820129395,1.51294243335724,0.992999970912933,9.09200025489554e-05,-0.195869415998459,1.95417380332947,1.01712259947817e-06,49804.6875,30273.4375
58,50,8,56,56.0687484741211,1.60139453411102,0.99099999666214,8.75749974511564e-05,-0.181536853313446,-2.42643427848816,1.00029205896135e-06,49804.6875,31250
54,44,10,52,52.0296859741211,1.68488466739655,1.00899994373322,8.74149991432205e-05,-0.239590913057327,2.64958047866821,9.87959083431633e-07,46875,27343.75
53,44,9,51,51.0328140258789,1.66850554943085,1.00100004673004,8.94050026545301e-05,-0.206845730543137,2.44290256500244,9.86712848316529e-07,49804.6875,29296.875
64,56,8,62,62.0945320129395,1.5390567779541,1.01499998569489,8.55000034789555e-05,-0.153982549905777,-0.312686383724213,9.99253302325087e-07,45898.4375,30273.4375
55,49,6,53,53.2648429870605,1.36847615242004,0.987999975681305,9.00000013643876e-05,-0.183375060558319,2.69522857666016,1.06459083326627e-06,49804.6875,29296.875
58,47,11,56,55.9742202758789,1.65852439403534,1.0110000371933,8.70700023369864e-05,-0.187840044498444,-2.03275465965271,1.00816066606058e-06,47851.5625,30273.4375
58,52,6,56,56.0921859741211,1.45431387424469,0.986000001430511,8.82599997567013e-05,-0.167395263910294,-2.59885263442993,1.05864535271394e-06,48828.125,30273.4375
50,47,3,49,48.6796875,0.967280149459839,1.00300002098083,8.91750023583882e-05,-0.176887094974518,2.15018701553345,1.20631887057243e-06,48828.125,29296.875
60,55,5,58,58.10546875,1.31947636604309,0.99099999666214,8.78499995451421e-05,-0.162052631378174,-1.81301045417786,1.07015398498334e-06,47851.5625,31250
57,52,5,56,55.3015632629395,1.36171162128448,0.984000027179718,8.92699972609989e-05,-0.187772035598755,-2.83218765258789,1.03625870906399e-06,48828.125,29296.875
55,50,5,53,53.2867202758789,1.28312993049622,1.00499999523163,8.85699992068112e-05,-0.192479074001312,-2.7843713760376,1.05381957382633e-06,47851.5625,30273.4375
50,42,8,48,48.1039047241211,1.60267090797424,1,9.17750003281981e-05,-0.194041818380356,1.34661781787872,9.88162923931668e-07,47851.5625,30273.4375
54,46,8,52,52.1546859741211,1.55719017982483,0.999000012874603,8.87450005393475e-05,-0.201043903827667,2.80244588851929,1.00078614195809e-06,49804.6875,31250
63,60,3,62,61.6945304870605,0.974884629249573,1.00399994850159,8.57299964991398e-05,-0.133370459079742,-0.354448974132538,1.02649710242986e-06,46875,31250
52,48,4,51,50.4109382629395,1.1582545042038,0.995000004768372,8.90950032044202e-05,-0.184759259223938,2.35121154785156,1.1206956287424e-06,49804.6875,29296.875
53,45,8,51,51.0867195129395,1.64651274681091,1.00699996948242,8.92550015123561e-05,-0.205831706523895,2.54467678070068,1.06697780211107e-06,49804.6875,28320.3125
53,51,2,52,52,0.7312952876091,0.985000014305115,8.93949982128106e-05,-0.154641270637512,1.41334748268127,1.23183747291478e-06,48828.125,30273.4375
63,54,9,61,60.9429702758789,1.70746338367462,1.00899994373322,8.70000003487803e-05,-0.160179972648621,-0.775918245315552,1.02054093531478e-06,47851.5625,30273.4375
60,57,3,59,58.6687507629395,0.949692368507385,1.00300002098083,8.64999965415336e-05,-0.141495674848557,-1.09959745407104,1.09178051843628e-06,47851.5625,31250
63,55,8,61,61.1304702758789,1.53744292259216,0.999000012874603,8.68499992066063e-05,-0.158709734678268,-0.958981275558472,1.00178533557482e-06,46875,29296.875
63,58,5,61,61.2000007629395,1.33948278427124,0.985000014305115,8.80099978530779e-05,-0.145821779966354,-1.20794177055359,9.98693167275633e-07,47851.5625,31250
63,60,3,62,61.66015625,0.942924737930298,0.99099999666214,8.67299968376756e-05,-0.139585137367249,-0.699807822704315,1.02199703633232e-06,46875,30273.4375
57,48,9,55,54.8492202758789,1.81340229511261,0.991999983787537,8.86699999682605e-05,-0.179190337657928,-3.03940629959106,1.04838932202256e-06,49804.6875,32226.5625
57,50,7,55,55.0953140258789,1.5448397397995,0.989000022411346,8.87350033735856e-05,-0.186142235994339,-2.76715445518494,9.97216716314142e-07,49804.6875,30273.4375
62,59,3,61,60.6257820129395,0.946475803852081,1.01900005340576,8.48700001370162e-05,-0.130358159542084,-0.227413862943649,1.052001834978e-06,45898.4375,31250
54,44,10,53,52.1664047241211,1.63989436626434,1.01699995994568,8.82699969224632e-05,-0.192912220954895,-3.07659149169922,1.08032429579907e-06,48828.125,29296.875
50,44,6,48,48.1101570129395,1.41517186164856,1.00199997425079,9.03449981706217e-05,-0.186404585838318,1.6406683921814,1.05120261650882e-06,49804.6875,30273.4375
54,52,2,53,53.0101547241211,0.730689883232117,0.987999975681305,8.86600028024986e-05,-0.148643106222153,-2.82499408721924,1.25110443605081e-06,48828.125,30273.4375
60,50,10,58,58.0460929870605,1.68984472751617,1.01699995994568,8.59049978316762e-05,-0.169883400201797,-1.38063704967499,1.04515345356049e-06,46875,30273.4375
51,49,2,50,50.0515632629395,0.731614291667938,1.00999999046326,8.76499980222434e-05,-0.165273696184158,1.37305903434753,1.2547183132483e-06,48828.125,31250
61,51,10,59,58.796875,1.88678538799286,0.981000006198883,8.80450024851598e-05,-0.161968469619751,-2.24572467803955,1.06282448086858e-06,47851.5625,30273.4375
62,56,6,60,60.1015625,1.42873358726501,1,8.69400028022937e-05,-0.161679923534393,-1.09618723392487,9.74438080447726e-07,46875,30273.4375
51,42,9,49,48.7625007629395,1.84501099586487,1.00399994850159,9.10550006665289e-05,-0.200789302587509,1.57738435268402,1.05441085906932e-06,47851.5625,28320.3125
51,45,6,49,49.0953140258789,1.51416862010956,0.98199999332428,9.03649997781031e-05,-0.18985641002655,1.2872017621994,1.02000456081441e-06,50781.25,30273.4375
52,49,3,51,50.6476554870605,0.966237306594849,0.98199999332428,9.00250015547499e-05,-0.177696377038956,2.23062515258789,1.12395309770363e-06,50781.25,29296.875
55,45,10,53,53.0257797241211,1.66604995727539,0.999000012874603,8.91250019776635e-05,-0.190800756216049,1.28237152099609,9.93295884654799e-07,48828.125,31250
57,53,4,56,55.39453125,1.20390355587006,0.980000019073486,8.87249989318661e-05,-0.181978821754456,-2.76388835906982,1.02959495507093e-06,48828.125,30273.4375
57,48,9,55,54.90625,1.76818156242371,0.981000006198883,9.03999971342273e-05,-0.227367758750916,1.3592118024826,8.8039456613842e-07,50781.25,29296.875
62,58,4,61,60.43359375,1.16381311416626,0.986000001430511,8.78700011526234e-05,-0.144663006067276,-1.2650101184845,1.0269203585267e-06,47851.5625,30273.4375
52,49,3,51,50.734375,0.955494165420532,1.01699995994568,8.83550019352697e-05,-0.167346835136414,-3.02622509002686,1.26032330172166e-06,48828.125,30273.4375
60,54,6,58,58.1812515258789,1.39303243160248,1.0110000371933,8.58499988680705e-05,-0.159841507673264,-1.27733707427979,9.57056499828468e-07,47851.5625,32226.5625
58,49,9,56,55.8023452758789,1.74015557765961,0.998000025749207,8.93800024641678e-05,-0.182759463787079,-2.50327754020691,1.05510628145566e-06,48828.125,29296.875
61,53,8,59,58.9656257629395,1.59074914455414,0.999000012874603,8.74000033945777e-05,-0.153448164463043,-1.47824692726135,1.02381045508082e-06,47851.5625,32226.5625
55,54,1,54,54.49609375,0.500180184841156,1.00800001621246,8.58450002851896e-05,-0.137159824371338,-1.4586079120636,1.22214646580687e-06,47851.5625,30273.4375
57,48,9,55,55.04296875,1.69685280323029,0.999000012874603,8.87450005393475e-05,-0.201962411403656,-2.66514682769775,1.04863397609734e-06,48828.125,28320.3125
50,43,7,48,47.8687515258789,1.64949584007263,0.98199999332428,9.18000005185604e-05,-0.19580602645874,0.712928414344788,9.97257984636235e-07,51757.8125,29296.875
51,43,8,49,48.6515617370605,1.76327681541443,1.00999999046326,8.91949966899119e-05,-0.216665655374527,1.70340037345886,1.07709729491035e-06,47851.5625,28320.3125
55,50,5,53,53.22265625,1.35478854179382,0.98199999332428,8.98099970072508e-05,-0.188370704650879,2.78631114959717,9.94628862827085e-07,49804.6875,30273.4375
57,50,7,55,55.1687507629395,1.54260575771332,0.999000012874603,8.77999991644174e-05,-0.153139024972916,-2.50504970550537,1.12645966510172e-06,47851.5625,31250
51,46,5,49,49.2374992370605,1.35139572620392,1.01499998569489,8.86350026121363e-05,-0.200711280107498,2.3193416595459,1.1076300552304e-06,48828.125,29296.875
62,61,1,62,61.5132827758789,0.500018954277039,0.984000027179718,8.64050016389228e-05,-0.106255531311035,-0.381952702999115,1.12855570932879e-06,47851.5625,31250
64,53,11,62,61.9554672241211,1.79488933086395,1.00800001621246,8.65600013639778e-05,-0.129758179187775,-0.527349472045898,1.02454225725523e-06,47851.5625,32226.5625
58,49,9,56,55.9359359741211,1.67648196220398,0.981000006198883,8.88299982761964e-05,-0.170281380414963,-2.85340023040771,1.01078774150665e-06,48828.125,30273.4375
50,41,9,48,48.0734367370605,1.56613314151764,1.01999998092651,8.95949997357093e-05,-0.227132588624954,1.81986713409424,1.04381558685418e-06,48828.125,28320.3125
61,58,3,60,59.74609375,0.963152408599854,1.00699996948242,8.61399967106991e-05,-0.151555776596069,-0.763689398765564,1.04590026239748e-06,46875,30273.4375
53,45,8,51,51.0726547241211,1.54024529457092,1.01900005340576,8.93600008566864e-05,-0.212972164154053,2.82106590270996,1.13380701804999e-06,48828.125,28320.3125
61,58,3,60,59.6875,0.973856866359711,1.00699996948242,8.60799991642125e-05,-0.139239281415939,-0.747534513473511,1.06281538592157e-06,46875,31250
56,47,9,54,54.0164070129395,1.58734619617462,0.989000022411346,9.02300016605295e-05,-0.179636865854263,-0.487198889255524,1.03485410818394e-06,48828.125,30273.4375
50,45,5,49,48.3703117370605,1.28820717334747,1.01699995994568,8.84050023159944e-05,-0.204920709133148,2.1007513999939,1.16839169095329e-06,48828.125,29296.875
54,52,2,53,53.0250015258789,0.733003914356232,1.00499999523163,8.72200034791604e-05,-0.153472542762756,-2.36473512649536,1.24821713143319e-06,47851.5625,30273.4375
56,47,9,54,53.9343757629395,1.67595505714417,1.00300002098083,8.73649987624958e-05,-0.202690452337265,-2.83893609046936,1.02177671124082e-06,47851.5625,29296.875
61,59,2,60,60.02734375,0.729176878929138,0.996999979019165,8.64899993757717e-05,-0.124194949865341,-0.716764450073242,1.13193891593255e-06,46875,31250
51,41,10,49,48.63671875,1.84549283981323,0.99099999666214,9.13300027605146e-05,-0.207629442214966,1.02284812927246,9.27577900711185e-07,52734.375,32226.5625
54,52,2,53,53.0406265258789,0.731235146522522,1.00100004673004,8.75999976415187e-05,-0.15213668346405,-2.46979141235352,1.25427936836786e-06,48828.125,30273.4375
51,42,9,49,49.046875,1.57461977005005,0.995000004768372,9.08349975361489e-05,-0.196105778217316,1.65643000602722,9.69743268797174e-07,47851.5625,31250
59,57,2,58,58.0812492370605,0.735320270061493,1.01499998569489,8.53500023367815e-05,-0.124604612588882,-0.75294017791748,1.16294927465788e-06,46875,31250
57,50,7,55,54.9249992370605,1.63541722297668,0.981000006198883,9.03199979802594e-05,-0.166613698005676,1.0882613658905,1.01626233117713e-06,49804.6875,31250
63,60,3,62,61.6515617370605,0.942687928676605,1.00100004673004,8.59700012370013e-05,-0.135742485523224,-0.452098846435547,1.0478352123755e-06,46875,31250
61,50,11,60,59.1671867370605,1.68751609325409,1.01400005817413,8.385499677388e-05,-0.149743050336838,-1.13488578796387,9.20939896786876e-07,45898.4375,32226.5625
61,56,5,59,59.1437492370605,1.32030212879181,0.981000006198883,8.84800028870814e-05,-0.168840974569321,-1.84384107589722,1.00294266758283e-06,48828.125,30273.4375
52,51,1,52,51.5171890258789,0.499899804592133,0.99099999666214,8.83149987203069e-05,-0.151976853609085,-2.77068376541138,1.24288339975465e-06,49804.6875,29296.875
53,45,8,51,50.9617195129395,1.58005654811859,0.98199999332428,9.16150020202622e-05,-0.195360153913498,1.84455847740173,9.48392823829636e-07,47851.5625,29296.875
57,51,6,55,55.1140632629395,1.49362647533417,1.00399994850159,8.82250024005771e-05,-0.179494649171829,-2.34196305274963,1.05973674635607e-06,48828.125,30273.4375
50,39,11,48,48.0968742370605,1.67116641998291,0.991999983787537,9.04400003491901e-05,-0.212765216827393,1.12439513206482,9.97626329990453e-07,49804.6875,29296.875
63,57,6,61,61.0945320129395,1.43658268451691,1.01900005340576,8.56100014061667e-05,-0.159860461950302,-0.407534658908844,1.00366889910219e-06,46875,30273.4375
61,56,5,59,59.21875,1.33479034900665,1.00499999523163,8.66900008986704e-05,-0.147499859333038,-1.15893507003784,1.04670107248239e-06,47851.5625,31250
50,44,6,48,48.1726570129395,1.40223288536072,1.00300002098083,8.95850025699474e-05,-0.191135048866272,1.55462074279785,1.09020709260221e-06,48828.125,29296.875
62,52,10,60,60.0476570129395,1.68980133533478,1.01699995994568,8.66100017447025e-05,-0.180147171020508,-0.899975419044495,1.05391484339634e-06,47851.5625,29296.875
50,42,8,48,48.0093765258789,1.61111450195312,0.989000022411346,9.1430003521964e-05,-0.161920994520187,1.08720588684082,1.01310138234112e-06,46875,31250
51,42,9,49,48.9976577758789,1.74419462680817,1.00300002098083,9.15749988052994e-05,-0.214143365621567,1.658895611763,8.97076233741245e-07,49804.6875,31250
50,41,9,48,47.9710922241211,1.72139430046082,1.00199997425079,9.24449996091425e-05,-0.235199749469757,1.28115296363831,8.78933008152671e-07,48828.125,30273.4375
57,47,10,55,54.8757820129395,1.63408982753754,0.982999980449677,8.89799994183704e-05,-0.190870463848114,1.06335008144379,1.03891420621949e-06,48828.125,29296.875
61,50,11,59,58.9109382629395,1.86189448833466,1.01800000667572,8.61299995449372e-05,-0.14858540892601,-1.15029978752136,1.12594671008992e-06,47851.5625,30273.4375
52,40,12,50,49.9874992370605,1.80776715278625,1.00800001621246,8.61299995449372e-05,-0.255020380020142,2.1353600025177,9.18922637538344e-07,46875,28320.3125
61,56,5,60,59.3148422241211,1.3067809343338,1.01600003242493,8.57400009408593e-05,-0.161749005317688,-0.837271094322205,9.75500029198884e-07,46875,31250
52,49,3,51,50.6476554870605,0.966237306594849,1.01999998092651,8.792999869911e-05,-0.176742762327194,-3.0005030632019,1.23050608635822e-06,48828.125,29296.875
64,61,3,63,62.6351547241211,0.967258334159851,0.999000012874603,8.57199993333779e-05,-0.11841544508934,-0.259529858827591,1.07365110579849e-06,46875,30273.4375
62,51,11,60,59.9765625,1.68544721603394,1.01199996471405,8.47199989948422e-05,-0.177081972360611,-0.978590965270996,8.96571918929112e-07,44921.875,33203.125
61,52,9,59,58.9210929870605,1.66296887397766,1.00300002098083,8.6519998149015e-05,-0.152577430009842,-1.39806699752808,9.84849975793622e-07,47851.5625,34179.6875
58,50,8,56,56.0101547241211,1.58345329761505,1.01999998092651,8.63099994603544e-05,-0.174493879079819,-1.75143313407898,1.04515368093416e-06,46875,31250
53,52,1,53,52.5125007629395,0.500039100646973,0.990000009536743,8.77950005815364e-05,-0.147075176239014,-2.51139426231384,1.2458925766623e-06,48828.125,30273.4375
51,47,4,50,49.5320320129395,1.12289655208588,0.980000019073486,9.10849994397722e-05,-0.206492394208908,1.6220121383667,9.6793814918783e-07,50781.25,29296.875
56,48,8,54,54.1773452758789,1.45313632488251,0.986999988555908,9.00750019354746e-05,-0.189110934734344,0.0371337383985519,1.04045795978891e-06,48828.125,29296.875
56,53,3,55,54.6531257629395,0.966194629669189,0.985000014305115,8.88499998836778e-05,-0.159143000841141,-2.69832706451416,1.15896386887471e-06,48828.125,29296.875
60,52,8,58,58.109375,1.55249238014221,0.996999979019165,8.87200003489852e-05,-0.178226470947266,-1.81917119026184,1.0196310995525e-06,47851.5625,30273.4375
52,45,7,50,50.046875,1.56765282154083,0.982999980449677,9.10849994397722e-05,-0.181888908147812,1.51421272754669,1.04930984434759e-06,48828.125,30273.4375
58,54,4,57,56.4320297241211,1.17042207717896,0.989000022411346,8.77450002008118e-05,-0.172506302595139,-2.19353532791138,1.06605375549407e-06,48828.125,29296.875
60,51,9,58,57.9289054870605,1.63487458229065,0.982999980449677,8.84499968378805e-05,-0.143658369779587,-2.19614005088806,1.01992407053331e-06,49804.6875,31250
54,50,4,53,52.4984359741211,1.13718748092651,0.999000012874603,8.90599985723384e-05,-0.183279782533646,0.291441857814789,1.06747199879464e-06,48828.125,30273.4375
61,51,10,59,58.79296875,1.8052431344986,0.990000009536743,8.8385000708513e-05,-0.177711606025696,-1.97302806377411,1.01201078450686e-06,48828.125,30273.4375
56,49,7,54,54.1546859741211,1.53136909008026,0.999000012874603,8.75400000950322e-05,-0.184836208820343,-2.82116222381592,1.04812295376178e-06,47851.5625,30273.4375
52,50,2,51,51.0625,0.73502779006958,0.982999980449677,8.95150005817413e-05,-0.154996275901794,2.67685222625732,1.24235600651446e-06,49804.6875,30273.4375
52,42,10,50,49.9718742370605,1.74553775787354,1.00100004673004,8.97549980436452e-05,-0.190260291099548,2.02441787719727,1.08255449049466e-06,49804.6875,29296.875
54,44,10,52,51.9460945129395,1.77755975723267,0.985000014305115,9.11649985937402e-05,-0.23702010512352,2.20406007766724,8.90317210178182e-07,47851.5625,29296.875
52,42,10,50,49.7859382629395,1.81543791294098,0.984000027179718,9.17750003281981e-05,-0.200366139411926,1.49735569953918,9.47917044413771e-07,46875,31250
58,50,8,56,55.8062515258789,1.67489624023438,0.991999983787537,8.82899985299446e-05,-0.182807624340057,-2.53514194488525,9.90856165117293e-07,49804.6875,32226.5625
64,55,9,62,62.0617179870605,1.63621163368225,1.01499998569489,8.46600014483556e-05,-0.154850333929062,-0.293307185173035,9.550719823892e-07,44921.875,30273.4375
63,53,10,61,60.9921875,1.7354154586792,1.01199996471405,8.56850019772537e-05,-0.15329709649086,-0.696771562099457,1.02469039120479e-06,46875,29296.875
54,52,2,53,53.0695304870605,0.731729090213776,1.01900005340576,8.63850000314415e-05,-0.145667910575867,-2.01972770690918,1.30912292206631e-06,47851.5625,29296.875
62,61,1,62,61.5085945129395,0.500121533870697,0.998000025749207,8.5334999312181e-05,-0.104107022285461,-0.0125102549791336,1.11871167973732e-06,46875,31250
64,62,2,63,63.0296859741211,0.722081005573273,0.991999983787537,8.57749982969835e-05,-0.103588104248047,-0.164013251662254,1.09808718207205e-06,46875,31250
54,43,11,52,51.93359375,1.7280638217926,1.01900005340576,8.95900011528283e-05,-0.263298660516739,1.67027962207794,9.62540866566997e-07,47851.5625,26367.1875
63,56,7,61,60.9867172241211,1.63493287563324,0.995000004768372,8.81300002220087e-05,-0.151763647794724,-1.1019127368927,1.05066271771648e-06,47851.5625,29296.875
64,61,3,63,62.6960945129395,0.947726964950562,0.980000019073486,8.72500022524036e-05,-0.130562603473663,-0.771214604377747,1.02912781585474e-06,47851.5625,31250
61,59,2,60,60.0390625,0.734520673751831,1.01300001144409,8.49700008984655e-05,-0.123808085918427,-0.303754270076752,1.09248071566981e-06,45898.4375,31250
55,49,6,53,53.1335945129395,1.44054853916168,0.986000001430511,8.96199999260716e-05,-0.184652924537659,2.79744338989258,1.02185333616944e-06,47851.5625,29296.875
59,50,9,57,57.0250015258789,1.65357899665833,1.00899994373322,8.61299995449372e-05,-0.161173164844513,-1.73952209949493,1.10799726371624e-06,47851.5625,29296.875
55,45,10,53,53.0867195129395,1.63889729976654,0.980000019073486,8.94050026545301e-05,-0.211194545030594,2.54450416564941,9.67496930570633e-07,49804.6875,29296.875
64,54,10,62,61.9546890258789,1.77801966667175,0.984000027179718,8.94949989742599e-05,-0.1935173869133,-1.26850461959839,8.83010500274395e-07,46875,30273.4375
51,41,10,49,49.1546859741211,1.55417466163635,0.999000012874603,9.05850029084831e-05,-0.20246958732605,1.77372753620148,1.0519222541916e-06,48828.125,27343.75
63,62,1,63,62.5109367370605,0.50007575750351,0.98199999332428,8.62849992699921e-05,-0.0982864201068878,-0.232392251491547,1.1295463764327e-06,47851.5625,32226.5625
51,42,9,49,49.015625,1.72043037414551,1.01600003242493,9.12050018087029e-05,-0.210877567529678,2.03464388847351,1.05734216049314e-06,50781.25,28320.3125
50,43,7,48,48.0421867370605,1.54315602779388,1.00999999046326,8.92800017027184e-05,-0.197176396846771,1.67726635932922,1.16723435894528e-06,48828.125,28320.3125
64,55,9,62,62.1539077758789,1.62724089622498,0.992999970912933,8.66300033521838e-05,-0.147918909788132,-0.843242168426514,9.46919328725926e-07,46875,32226.5625
63,57,6,61,61.0945320129395,1.43658268451691,1.00399994850159,8.66100017447025e-05,-0.161697208881378,-0.786122918128967,1.01315765732579e-06,46875,30273.4375
55,49,6,53,53.0570297241211,1.46227967739105,1.00899994373322,8.73699973453768e-05,-0.210558831691742,-2.84582161903381,9.46925524658582e-07,49804.6875,30273.4375
64,62,2,63,63.09765625,0.728506445884705,1.00999999046326,8.44949972815812e-05,-0.105017274618149,0.275061428546906,1.0578351066215e-06,45898.4375,31250
62,51,11,60,60.0296859741211,1.71842610836029,0.995999991893768,8.77100028446876e-05,-0.166036486625671,-1.36029279232025,9.77851868810831e-07,47851.5625,29296.875
63,58,5,61,61.1781234741211,1.39623856544495,1.01600003242493,8.59299980220385e-05,-0.147356539964676,-0.447267055511475,1.05227763924631e-06,46875,30273.4375
58,51,7,56,56.1156234741211,1.5854320526123,1.01800000667572,8.55699981912039e-05,-0.167236119508743,-1.75825309753418,1.06770096408582e-06,46875,31250
64,61,3,63,62.5921859741211,0.948692321777344,0.987999975681305,8.66300033521838e-05,-0.124381542205811,-0.548261642456055,1.07187679532217e-06,46875,30273.4375
62,57,5,60,60.2890625,1.34072172641754,1.01699995994568,8.52399971336126e-05,-0.149903923273087,-0.592530488967896,9.71838630903221e-07,45898.4375,31250
64,53,11,62,62.04296875,1.69316256046295,1.00899994373322,8.49900025059469e-05,-0.155536651611328,-0.457383990287781,9.45017575304519e-07,44921.875,31250
54,51,3,53,52.6703109741211,0.960873305797577,1.01600003242493,8.73449971550144e-05,-0.171646445989609,-2.45282602310181,1.18698949336249e-06,47851.5625,30273.4375
57,54,3,56,55.7296867370605,0.976851642131805,0.996999979019165,8.69650029926561e-05,-0.162617266178131,-2.03471183776855,1.10081532511686e-06,46875,30273.4375
63,59,4,62,61.4429702758789,1.14398753643036,1.00699996948242,8.54399986565113e-05,-0.151989817619324,-0.447886943817139,9.58192913458333e-07,45898.4375,31250
58,51,7,56,56.0203132629395,1.60420477390289,0.989000022411346,8.83949978742748e-05,-0.187428534030914,-2.63731694221497,1.04321713934041e-06,48828.125,30273.4375
62,55,7,60,60,1.61405086517334,1.00999999046326,8.57999984873459e-05,-0.145535618066788,-0.931471824645996,1.01396688023669e-06,46875,31250
64,61,3,63,62.7781257629395,0.956025898456573,1.00300002098083,8.5259998741094e-05,-0.132648169994354,-0.154310256242752,9.8999555575574e-07,45898.4375,31250
62,53,9,60,59.9445304870605,1.69971287250519,0.999000012874603,8.74800025485456e-05,-0.142301768064499,-1.3260794878006,1.03859304090292e-06,47851.5625,31250
54,43,11,52,51.8609390258789,1.89836502075195,1.00800001621246,8.88549984665588e-05,-0.197783768177032,2.84003615379333,1.06758727724809e-06,48828.125,29296.875
51,48,3,50,49.6898422241211,0.944871306419373,1.00199997425079,8.88249996933155e-05,-0.175701260566711,2.51550650596619,1.19353410354961e-06,48828.125,29296.875
54,45,9,52,52.0562515258789,1.63282155990601,1.0110000371933,9.01399980648421e-05,-0.226051270961761,1.84821844100952,9.81440052783e-07,48828.125,29296.875
59,51,8,57,56.7921867370605,1.74144208431244,1.01499998569489,8.74699981068261e-05,-0.179345637559891,-1.69365108013153,1.07997152554162e-06,46875,29296.875
50,46,4,49,48.4359359741211,1.14975166320801,1.01199996471405,8.92149982973933e-05,-0.183799386024475,2.13362073898315,1.16031560537522e-06,48828.125,30273.4375
52,44,8,50,49.9429702758789,1.75443959236145,0.991999983787537,9.11949973669834e-05,-0.186762779951096,1.71135652065277,1.02510432498093e-06,50781.25,29296.875
54,51,3,53,52.6382827758789,0.955427348613739,1.01999998092651,8.71700030984357e-05,-0.172475397586823,-2.33502626419067,1.18131310955505e-06,47851.5625,30273.4375
63,53,10,61,60.9000015258789,1.83212578296661,1.00600004196167,8.71000011102296e-05,-0.186002820730209,-0.921385526657104,9.57908923737705e-07,47851.5625,30273.4375
50,49,1,50,49.5257797241211,0.499530047178268,0.992999970912933,8.89700022526085e-05,-0.154635459184647,2.67119932174683,1.27364751278947e-06,49804.6875,29296.875
50,43,7,48,47.9609375,1.56736826896667,0.981000006198883,9.11099996301346e-05,-0.188647568225861,0.788862109184265,9.47823082242394e-07,50781.25,31250
58,54,4,57,56.3781242370605,1.17937302589417,1.01999998092651,8.62349988892674e-05,-0.17531630396843,-1.41585063934326,1.05019705642917e-06,46875,30273.4375
52,41,11,50,49.85546875,1.77601552009583,1.00399994850159,9.14050033316016e-05,-0.228326976299286,2.00451922416687,9.3051363592167e-07,52734.375,29296.875
53,47,6,51,51.1468734741211,1.47440707683563,0.989000022411346,8.9945002400782e-05,-0.189372271299362,2.25233030319214,1.03598347322986e-06,49804.6875,29296.875
52,42,10,50,49.9734382629395,1.77135074138641,1,8.85199988260865e-05,-0.204715639352798,1.94936370849609,1.03701722764526e-06,48828.125,28320.3125
58,47,11,56,55.8484382629395,1.85490012168884,0.995999991893768,8.93199976417236e-05,-0.183967024087906,-2.54602670669556,9.71017584561196e-07,48828.125,33203.125
50,45,5,48,48.1632804870605,1.35920524597168,1.01900005340576,9.00250015547499e-05,-0.202782839536667,2.05252838134766,1.11729514173931e-06,48828.125,28320.3125
64,53,11,62,62.0164070129395,1.75439929962158,1,8.80649968166836e-05,-0.156554877758026,-0.851057887077332,1.04266155176447e-06,47851.5625,29296.875
51,42,9,49,49.1875,1.48881673812866,0.999000012874603,9.09849986783229e-05,-0.197538375854492,1.82164430618286,1.0495560900381e-06,48828.125,29296.875
64,62,2,63,63.02734375,0.73982173204422,1.01199996471405,8.42549998196773e-05,-0.105864882469177,0.34535276889801,1.03849708921189e-06,44921.875,31250
61,59,2,60,60.0843734741211,0.733903348445892,0.995999991893768,8.66400005179457e-05,-0.119956403970718,-0.754177689552307,1.15005980205751e-06,47851.5625,31250
62,52,10,60,59.9828109741211,1.75059950351715,0.987999975681305,8.83500033523887e-05,-0.160476177930832,-1.64222192764282,9.82044525699166e-07,47851.5625,31250
52,46,6,51,50.23046875,1.43643307685852,1.0110000371933,8.85850022314116e-05,-0.180988013744354,2.54469871520996,1.18466368803638e-06,49804.6875,29296.875
60,54,6,59,58.3421859741211,1.37841105461121,1.01699995994568,8.56900005601346e-05,-0.169617831707001,-1.15863263607025,1.02293392956199e-06,46875,30273.4375
62,51,11,60,59.8914070129395,1.80605912208557,0.981000006198883,8.84199980646372e-05,-0.156642079353333,-1.82195007801056,1.0215301244898e-06,48828.125,29296.875
58,47,11,56,55.9742202758789,1.65852439403534,1.01499998569489,8.68400020408444e-05,-0.187784671783447,-1.92897200584412,1.00659633517353e-06,47851.5625,31250
58,56,2,57,57.0726547241211,0.734625041484833,0.996999979019165,8.70599978952669e-05,-0.131619662046432,-1.46936726570129,1.19482774607604e-06,47851.5625,30273.4375
52,47,5,51,50.3656234741211,1.30641269683838,0.99099999666214,8.96150013431907e-05,-0.191701740026474,2.0978832244873,1.07044968444825e-06,48828.125,29296.875
56,47,9,54,54.0476570129395,1.53104257583618,0.981000006198883,9.01849998626858e-05,-0.189267605543137,1.57141780853271,9.33764113142388e-07,49804.6875,31250
52,42,10,50,50.0921859741211,1.7352352142334,0.987999975681305,9.0524998086039e-05,-0.207632541656494,1.80865955352783,8.43283032736508e-07,48828.125,32226.5625
64,56,8,63,62.1742172241211,1.56439793109894,0.992999970912933,8.66900008986704e-05,-0.147669672966003,-0.873207211494446,9.99327880890633e-07,46875,31250
60,58,2,59,59.0460929870605,0.734645009040833,0.98199999332428,8.78400023793802e-05,-0.129495769739151,-1.35935878753662,1.12945201635739e-06,48828.125,31250
50,42,8,48,47.9210929870605,1.64215159416199,0.986999988555908,7.3930001235567e-05,-0.444758236408234,0.853376924991608,8.5075015476832e-07,51757.8125,30273.4375
57,50,7,55,55.1390609741211,1.52878224849701,1.00999999046326,8.75199984875508e-05,-0.205682814121246,-2.28336381912231,1.07090284018341e-06,46875,28320.3125
59,56,3,58,57.6671867370605,0.951613545417786,1.00800001621246,8.64500034367666e-05,-0.147184014320374,-1.21235048770905,1.07209814359521e-06,47851.5625,32226.5625
51,41,10,49,48.96875,1.62003433704376,1.0110000371933,9.10050002858043e-05,-0.19508820772171,1.94462990760803,1.05264984995301e-06,48828.125,29296.875
59,55,4,57,57.3664054870605,1.13414394855499,0.986000001430511,8.77650018082932e-05,-0.168085783720016,-2.04109191894531,1.01020202691871e-06,47851.5625,31250
52,44,8,50,49.9578132629395,1.71952903270721,0.981000006198883,9.07099965843372e-05,-0.177209973335266,1.53157246112823,9.94652850749844e-07,47851.5625,32226.5625
56,51,5,54,54.2109375,1.34595990180969,0.999000012874603,8.84900000528432e-05,-0.185347437858582,-2.71151208877563,1.07958294393029e-06,48828.125,29296.875
59,57,2,58,58.0125007629395,0.732256889343262,0.994000017642975,8.69499999680556e-05,-0.12869057059288,-1.27784872055054,1.17972444968473e-06,47851.5625,30273.4375
55,48,7,53,53.1031265258789,1.58777272701263,1.0110000371933,8.84449982549995e-05,-0.174096047878265,-2.76454257965088,1.06098184460279e-06,48828.125,32226.5625
55,51,4,54,53.5304679870605,1.15925478935242,1.00199997425079,8.83550019352697e-05,-0.197365015745163,-2.66164183616638,1.01270495633798e-06,48828.125,30273.4375
62,61,1,62,61.5109367370605,0.50007575750351,1.01800000667572,8.40450011310168e-05,-0.105207741260529,0.485044300556183,1.05734079625108e-06,45898.4375,31250
54,51,3,53,52.6820297241211,0.958720624446869,0.98199999332428,8.96700003067963e-05,-0.177900373935699,2.3222336769104,1.08415679278551e-06,49804.6875,30273.4375
59,51,8,57,57.12109375,1.50895953178406,0.994000017642975,8.78049977472983e-05,-0.159944534301758,-2.11607503890991,1.04232924513781e-06,47851.5625,31250
62,60,2,61,61.0289077758789,0.722653925418854,0.995999991893768,8.62800006871112e-05,-0.118972301483154,-0.510810852050781,1.11763733912085e-06,46875,30273.4375
52,50,2,51,50.9812507629395,0.731054723262787,0.985000014305115,8.96100027603097e-05,-0.154815405607224,2.76229047775269,1.25414908325183e-06,49804.6875,30273.4375
50,43,7,48,47.8929672241211,1.67638635635376,1.00300002098083,9.03949985513464e-05,-0.179185718297958,1.37247037887573,1.08586903024843e-06,49804.6875,31250
62,60,2,61,61.0085945129395,0.724261462688446,0.981000006198883,8.72800010256469e-05,-0.121833920478821,-0.896180152893066,1.11564600047132e-06,47851.5625,31250
58,53,5,56,56.2242202758789,1.35914051532745,1.00899994373322,8.7120002717711e-05,-0.179738700389862,-1.91040790081024,1.10997711999516e-06,46875,29296.875
62,60,2,61,61.0632820129395,0.732296526432037,0.981000006198883,8.73600001796149e-05,-0.121334314346313,-0.923562526702881,1.12619125047786e-06,47851.5625,31250
53,41,12,51,50.8312492370605,1.91646301746368,1.01499998569489,8.82449967321008e-05,-0.207579404115677,2.66895365715027,1.06199536276108e-06,48828.125,28320.3125
62,56,6,60,60.1749992370605,1.44991981983185,0.98199999332428,8.86650013853796e-05,-0.156090587377548,-1.57378005981445,9.71952204054105e-07,48828.125,31250
51,49,2,50,50.0531234741211,0.734701931476593,0.998000025749207,8.88650029082783e-05,-0.156680673360825,2.77549147605896,1.29923114400299e-06,48828.125,29296.875
63,53,10,61,60.9046859741211,1.65527367591858,0.986000001430511,8.8610002421774e-05,-0.160087317228317,-1.3882007598877,9.57591851147299e-07,49804.6875,31250
62,52,10,60,60.2164077758789,1.55761277675629,0.985000014305115,8.79799990798347e-05,-0.153853178024292,-1.56277441978455,9.81622065410193e-07,47851.5625,30273.4375
58,47,11,56,55.8179702758789,1.83199489116669,1.00899994373322,8.70049989316612e-05,-0.192427605390549,-2.15500664710999,9.60001557359647e-07,47851.5625,31250
59,50,9,57,56.7531242370605,1.82973170280457,1.0110000371933,8.71099982759915e-05,-0.165712505578995,-1.83908569812775,1.01160333088046e-06,47851.5625,32226.5625
55,54,1,55,54.5179672241211,0.499872326850891,1.00999999046326,8.58249986777082e-05,-0.136331349611282,-1.41878461837769,1.24246685118123e-06,47851.5625,30273.4375
53,46,7,51,51.0085945129395,1.54952275753021,0.995999991893768,8.86150010046549e-05,-0.208958089351654,2.23447561264038,1.03800721262814e-06,49804.6875,28320.3125
56,51,5,54,54.1929702758789,1.36335849761963,1.01999998092651,8.64500034367666e-05,-0.181365460157394,-2.13994598388672,1.11265205759992e-06,46875,29296.875
59,50,9,57,57.0718765258789,1.63220798969269,0.992999970912933,8.83350003277883e-05,-0.172003507614136,-2.24807167053223,1.0511736263652e-06,47851.5625,29296.875
64,56,8,62,61.9289054870605,1.6670777797699,0.990000009536743,8.72500022524036e-05,-0.164598286151886,-1.05067873001099,9.52096229411836e-07,46875,29296.875
62,53,9,60,59.6984367370605,1.85932064056396,1.01999998092651,8.61200023791753e-05,-0.156377017498016,-0.900439977645874,1.06472396055324e-06,46875,31250
56,53,3,55,54.6765632629395,0.945793092250824,1.01999998092651,8.64300018292852e-05,-0.160801500082016,-1.74808049201965,1.17139700250846e-06,46875,30273.4375
61,55,6,59,59.1875,1.45481860637665,1.00399994850159,8.72800010256469e-05,-0.149061501026154,-1.28265190124512,1.08226583961368e-06,47851.5625,31250
51,45,6,49,48.8929672241211,1.5549201965332,0.987999975681305,9.10149974515662e-05,-0.198606431484222,1.25590372085571,9.99042299554276e-07,50781.25,28320.3125
56,47,9,54,53.9093742370605,1.70807027816772,0.989000022411346,9.10099988686852e-05,-0.186486154794693,1.86330652236938,1.01833870758128e-06,48828.125,30273.4375
56,55,1,55,55.4921875,0.500134348869324,1.00100004673004,8.61500011524186e-05,-0.133096128702164,-1.37081098556519,1.21256186957908e-06,47851.5625,31250
64,56,8,63,62.1742172241211,1.56439793109894,1.0110000371933,8.54199970490299e-05,-0.146564424037933,-0.409590482711792,9.84007783699781e-07,45898.4375,31250
55,53,2,54,54.0367202758789,0.733043491840363,0.982999980449677,8.87350033735856e-05,-0.144468396902084,-2.66965794563293,1.23800430174015e-06,48828.125,30273.4375
51,50,1,51,50.5250015258789,0.499569803476334,1.00800001621246,8.75999976415187e-05,-0.148647338151932,-2.62012457847595,1.29214890876028e-06,48828.125,30273.4375
51,47,4,50,49.5289077758789,1.1306140422821,0.984000027179718,9.04650005395524e-05,-0.19148787856102,1.74511909484863,1.03683703400748e-06,49804.6875,29296.875
60,51,9,58,57.9835929870605,1.5695139169693,1.01400005817413,8.79799990798347e-05,-0.164858162403107,-1.41867935657501,1.15537920919451e-06,47851.5625,29296.875
54,45,9,52,52.1218757629395,1.63211214542389,1.00100004673004,8.87900023371913e-05,-0.229164391756058,2.67879509925842,9.77561626314127e-07,47851.5625,28320.3125
63,55,8,62,61.1382827758789,1.6782945394516,1.01999998092651,8.63649984239601e-05,-0.140475958585739,-0.410197138786316,1.0315734471078e-06,47851.5625,30273.4375
57,47,10,55,55.0187492370605,1.75459861755371,1.00999999046326,8.73050012160093e-05,-0.175087571144104,-2.37272119522095,1.13109467747563e-06,47851.5625,30273.4375
54,51,3,53,52.7179679870605,0.952830731868744,1,8.84499968378805e-05,-0.171177566051483,-2.86881065368652,1.17368904284376e-06,48828.125,29296.875
61,53,8,59,58.9304695129395,1.6435272693634,0.985000014305115,8.80200022947975e-05,-0.153401792049408,-1.87637841701508,9.98772520688362e-07,48828.125,32226.5625
56,48,8,54,54.1468734741211,1.52035641670227,1.00199997425079,8.90049996087328e-05,-0.214030921459198,-2.6986927986145,9.48032777614571e-07,49804.6875,30273.4375
61,53,8,60,59.2101554870605,1.60542178153992,0.984000027179718,8.64550020196475e-05,-0.149063378572464,-1.88366687297821,9.89186787592189e-07,47851.5625,31250
60,52,8,59,58.2468757629395,1.54018044471741,1.01699995994568,8.68799979798496e-05,-0.155584663152695,-1.18937587738037,1.06933748611482e-06,46875,31250
60,57,3,59,58.7546882629395,0.968209266662598,0.989000022411346,8.75400000950322e-05,-0.143108189105988,-1.48353505134583,1.08113204078109e-06,47851.5625,31250
62,52,10,60,59.8664054870605,1.72552824020386,1.01499998569489,8.67799972184002e-05,-0.139524757862091,-0.800948977470398,1.06691629753186e-06,47851.5625,32226.5625
62,50,12,60,60.0484390258789,1.74867248535156,0.991999983787537,8.8155000412371e-05,-0.154363065958023,-1.49366760253906,1.04565367564646e-06,47851.5625,30273.4375
59,50,9,57,56.96875,1.6867116689682,0.989000022411346,8.7704996985849e-05,-0.173530012369156,-2.35741639137268,9.99166559267906e-07,48828.125,30273.4375
64,58,6,63,62.2171859741211,1.45337271690369,0.991999983787537,8.67999988258816e-05,-0.142977058887482,-0.79822450876236,9.34620857151458e-07,47851.5625,32226.5625
50,43,7,48,48.11328125,1.49656224250793,1.00899994373322,9.00849991012365e-05,-0.20448112487793,1.65523028373718,1.06369918739802e-06,49804.6875,29296.875
63,61,2,62,62.0382804870605,0.727610409259796,1.00100004673004,8.53699966683052e-05,-0.11111655831337,-0.151797518134117,1.09912434709258e-06,45898.4375,31250
52,47,5,50,50.19140625,1.3198744058609,0.984000027179718,9.0294997789897e-05,-0.190878212451935,1.82897317409515,1.06583729575505e-06,48828.125,29296.875
53,44,9,51,50.9070320129395,1.60529243946075,0.985000014305115,9.05299966689199e-05,-0.223552644252777,1.82006239891052,9.76279693531978e-07,49804.6875,28320.3125
62,55,7,60,60.0875015258789,1.5926433801651,0.995000004768372,8.74800025485456e-05,-0.141816556453705,-1.30133271217346,1.03295371900458e-06,47851.5625,32226.5625
56,49,7,54,54.14453125,1.50585556030273,0.992999970912933,8.9490000391379e-05,-0.17498791217804,-2.99224710464478,1.13061980755447e-06,48828.125,30273.4375
56,47,9,54,54.0304679870605,1.5517680644989,1.01400005817413,8.67700000526384e-05,-0.200891822576523,-2.52603578567505,1.02282695024769e-06,47851.5625,29296.875
53,42,11,51,50.9398422241211,1.71421134471893,1.00300002098083,8.8884997239802e-05,-0.219129979610443,2.45931434631348,1.09687800886604e-06,46875,26367.1875
53,46,7,51,51.1789054870605,1.50735247135162,0.986999988555908,8.9865003246814e-05,-0.206411898136139,2.17880010604858,9.56890630732232e-07,48828.125,31250
51,47,4,50,49.5320320129395,1.12289655208588,0.981000006198883,9.10349990590475e-05,-0.206236749887466,1.65122723579407,9.7195447779086e-07,50781.25,29296.875
52,50,2,51,51.0992202758789,0.736833453178406,0.984000027179718,8.94550030352548e-05,-0.161801636219025,2.69628286361694,1.21209154713142e-06,49804.6875,30273.4375
58,47,11,56,56.0328140258789,1.77653503417969,1.00800001621246,8.78450009622611e-05,-0.183707535266876,-2.21123242378235,9.91316824183741e-07,49804.6875,32226.5625
60,50,10,58,58.0046882629395,1.70176100730896,1.01400005817413,8.64550020196475e-05,-0.148330062627792,-1.34786415100098,1.09226812128327e-06,48828.125,30273.4375
61,55,6,59,59.015625,1.51708734035492,1.01199996471405,8.61099979374558e-05,-0.145264238119125,-1.16223931312561,1.05815422557498e-06,47851.5625,32226.5625
55,53,2,54,54.05078125,0.748048901557922,1.01199996471405,8.65600013639778e-05,-0.150727927684784,-1.88964450359344,1.24583812066703e-06,47851.5625,29296.875
63,55,8,61,60.9773445129395,1.67778635025024,0.990000009536743,8.67900016601197e-05,-0.151662826538086,-1.29380059242249,1.01980845101934e-06,47851.5625,31250
54,49,5,52,52.1156234741211,1.36781024932861,1.01999998092651,8.81300002220087e-05,-0.198431551456451,-2.78729009628296,1.0726417940532e-06,48828.125,31250
51,49,2,50,49.97265625,0.725953042507172,0.982999980449677,8.95050034159794e-05,-0.154516041278839,2.37360000610352,1.25180770282896e-06,50781.25,30273.4375
64,53,11,62,61.9695320129395,1.83864593505859,1.01300001144409,8.72550008352846e-05,-0.152206033468246,-0.492984026670456,1.04280013601965e-06,47851.5625,28320.3125
58,55,3,57,56.6851577758789,0.958121538162231,0.982999980449677,8.81050000316463e-05,-0.150617808103561,-2.17434239387512,1.12243822059099e-06,48828.125,31250
64,55,9,62,61.9945297241211,1.71525871753693,0.990000009536743,8.77200000104494e-05,-0.130953431129456,-0.967743456363678,1.02639876331523e-06,47851.5625,31250
55,49,6,53,53.0851554870605,1.52172636985779,1,8.85400004335679e-05,-0.182087779045105,0.451253056526184,1.06391723875277e-06,47851.5625,30273.4375
61,52,9,59,59.08984375,1.68483734130859,0.98199999332428,8.88200011104345e-05,-0.162384748458862,-2.05718088150024,1.00526938240364e-06,49804.6875,30273.4375
51,42,9,49,49.1203117370605,1.65080404281616,0.995999991893768,9.07849971554242e-05,-0.202041834592819,1.53109586238861,9.64381001722359e-07,48828.125,31250
62,60,2,61,61.0492172241211,0.723718166351318,0.994000017642975,8.64300018292852e-05,-0.118564158678055,-0.574490427970886,1.13678675006668e-06,46875,30273.4375
52,46,6,50,50.1960945129395,1.4268125295639,1.00600004196167,8.86749985511415e-05,-0.20022514462471,2.34870600700378,1.06947561562265e-06,49804.6875,29296.875
51,47,4,49,49.38671875,1.15816247463226,1.00899994373322,8.91349991434254e-05,-0.190277308225632,2.39927864074707,1.12312295641459e-06,48828.125,30273.4375
51,42,9,49,48.7414054870605,1.8942745923996,0.982999980449677,9.22749968594871e-05,-0.197133809328079,0.911796867847443,8.37297022826533e-07,50781.25,33203.125
58,51,7,56,56.1101570129395,1.53292453289032,0.981000006198883,8.89899965841323e-05,-0.172187685966492,-2.6971001625061,1.04672665202088e-06,48828.125,30273.4375
54,49,5,52,52.2312507629395,1.33267998695374,1.0110000371933,8.83999964571558e-05,-0.187444180250168,-3.06263136863708,1.15509146780823e-06,48828.125,29296.875
64,60,4,63,62.4421882629395,1.15483212471008,1.00100004673004,8.57699997141026e-05,-0.146524161100388,-0.401835024356842,9.66596758189553e-07,45898.4375,31250
62,60,2,61,61.0734367370605,0.735079288482666,1.00100004673004,8.58499988680705e-05,-0.118023902177811,-0.391647279262543,1.12328496015834e-06,46875,31250
62,59,3,61,60.6984367370605,0.961981296539307,1.01999998092651,8.47400006023236e-05,-0.143918633460999,-0.181715250015259,9.96334961200773e-07,45898.4375,31250
62,53,9,60,59.80078125,1.83489739894867,0.996999979019165,8.80200022947975e-05,-0.170995265245438,-1.4915943145752,9.96048811430228e-07,48828.125,30273.4375
63,55,8,61,60.9273452758789,1.59804487228394,0.987999975681305,8.81000014487654e-05,-0.156523793935776,-1.30194795131683,9.61929117693217e-07,48828.125,31250
62,57,5,60,60.17578125,1.360520362854,1.00699996948242,8.62800006871112e-05,-0.146631330251694,-0.867128193378448,9.98873360913421e-07,46875,32226.5625
63,53,10,61,60.8195304870605,1.85378587245941,1.01300001144409,8.71000011102296e-05,-0.160177230834961,-0.838756084442139,1.08326582903828e-06,46875,28320.3125
64,58,6,62,61.8039054870605,1.51091432571411,1,8.62800006871112e-05,-0.144813925027847,-0.790748715400696,1.02587284800393e-06,46875,30273.4375
54,44,10,52,51.8414077758789,1.77745532989502,1.00800001621246,8.87549977051094e-05,-0.204609721899033,2.79905462265015,1.07037556063005e-06,48828.125,30273.4375
53,45,8,51,50.9953117370605,1.58816277980804,1.00100004673004,8.97549980436452e-05,-0.19548898935318,2.4705924987793,1.04574507986399e-06,49804.6875,30273.4375
59,48,11,57,56.8359375,1.81461942195892,0.995999991893768,8.68100032676011e-05,-0.155312657356262,-2.18150615692139,1.0074057854581e-06,48828.125,33203.125
51,40,11,49,48.7468757629395,1.87447929382324,0.981000006198883,9.20449965633452e-05,-0.198680430650711,0.872862577438354,8.28431552690745e-07,48828.125,32226.5625
53,44,9,51,50.8773422241211,1.80948400497437,0.986999988555908,8.89349976205267e-05,-0.204829841852188,1.85785853862762,1.090339651455e-06,48828.125,28320.3125
61,52,9,59,59.0164070129395,1.66663801670074,0.999000012874603,8.7195003288798e-05,-0.14840379357338,-1.52976429462433,1.06864388271788e-06,47851.5625,30273.4375
59,49,10,57,56.9421882629395,1.85724329948425,0.995999991893768,8.90149967744946e-05,-0.180200010538101,-2.24926233291626,1.05519700355217e-06,49804.6875,29296.875
59,56,3,58,57.5859375,0.972067594528198,1.01400005817413,8.59299980220385e-05,-0.136146247386932,-1.08209347724915,1.13651083211153e-06,46875,31250
64,60,4,63,62.4390640258789,1.10484290122986,0.984000027179718,8.72399978106841e-05,-0.147320359945297,-0.813461542129517,9.84343046184222e-07,46875,31250
60,58,2,59,59.0226554870605,0.735741674900055,0.98199999332428,8.77999991644174e-05,-0.119032204151154,-1.35898947715759,1.18133038995438e-06,48828.125,31250
56,53,3,55,54.7273445129395,0.944860994815826,0.982999980449677,8.89250004547648e-05,-0.166725665330887,-2.73681116104126,1.1073148016294e-06,48828.125,29296.875
54,44,10,52,51.8515625,1.74302959442139,1.00699996948242,8.90450028236955e-05,-0.241307944059372,2.64341831207275,8.82801487023244e-07,50781.25,32226.5625
55,45,10,53,52.8828125,1.69265115261078,1.00399994850159,8.78049977472983e-05,-0.205269247293472,1.16540431976318,1.02879471342021e-06,47851.5625,29296.875
54,45,9,52,51.86328125,1.68817675113678,1.00499999523163,8.74050019774586e-05,-0.194114595651627,2.73648524284363,1.03636546100461e-06,49804.6875,30273.4375
50,41,9,48,47.9054679870605,1.67293727397919,0.986000001430511,9.10750022740103e-05,-0.184419512748718,0.856224298477173,1.0521823696763e-06,48828.125,30273.4375
53,49,4,51,51.390625,1.15109074115753,1.00100004673004,8.87849964783527e-05,-0.192707151174545,2.79240942001343,1.10469761693821e-06,48828.125,29296.875
62,52,10,60,59.90625,1.72656881809235,1.0110000371933,8.5940002463758e-05,-0.156560361385345,-1.0298376083374,9.84212761068193e-07,46875,33203.125
60,55,5,59,58.3664054870605,1.32903921604156,1.00800001621246,8.66799964569509e-05,-0.156175136566162,-1.287633061409,1.06105574104731e-06,46875,31250
59,50,9,57,56.9890632629395,1.57379019260406,0.996999979019165,8.87999995029531e-05,-0.174028486013412,-2.08428144454956,1.03775107618276e-06,49804.6875,31250
63,54,9,61,60.9812507629395,1.61636233329773,0.984000027179718,8.79200015333481e-05,-0.169328987598419,-1.45068085193634,9.76178625933244e-07,47851.5625,29296.875
53,41,12,51,51.0617179870605,1.79307246208191,1.01499998569489,9.08799993339926e-05,-0.227325141429901,2.67507863044739,1.06012078049389e-06,48828.125,27343.75
58,50,8,56,56.0281257629395,1.56510710716248,1.00100004673004,8.73800017870963e-05,-0.181495577096939,-2.2497444152832,1.02472381513508e-06,48828.125,30273.4375
50,45,5,48,48.3234367370605,1.27344226837158,1.01600003242493,8.88049980858341e-05,-0.201146692037582,2.16605496406555,1.1155757420056e-06,48828.125,30273.4375
63,61,2,62,62.08203125,0.741059124469757,0.996999979019165,8.57350023579784e-05,-0.113161563873291,-0.260606855154037,1.10611824766238e-06,46875,30273.4375
56,47,9,54,54.1265640258789,1.56373500823975,0.989000022411346,8.97799982340075e-05,-0.222191452980042,0.241012215614319,8.8214949300891e-07,50781.25,32226.5625
52,45,7,50,50.0648422241211,1.62746608257294,0.991999983787537,9.04699991224334e-05,-0.203277468681335,1.90548300743103,1.0274092119289e-06,47851.5625,28320.3125
53,42,11,51,50.9640617370605,1.76986038684845,0.996999979019165,9.05850029084831e-05,-0.225004881620407,2.14427947998047,9.56020471676311e-07,47851.5625,26367.1875
62,57,5,60,60.1906242370605,1.36397504806519,1.00499999523163,8.65800029714592e-05,-0.154531389474869,-0.957370638847351,1.00010379355808e-06,46875,31250
51,50,1,51,50.5007820129395,0.500194787979126,1.0110000371933,8.74100005603395e-05,-0.153910964727402,-2.5395336151123,1.27470741517755e-06,48828.125,30273.4375
63,62,1,63,62.5203132629395,0.499782502651215,0.989000022411346,8.56650003697723e-05,-0.0983613729476929,-0.0492424592375755,1.11247061340691e-06,46875,32226.5625
55,46,9,53,53.0960922241211,1.6123982667923,0.986999988555908,8.92899988684803e-05,-0.209954798221588,2.75681281089783,9.93166850093985e-07,48828.125,28320.3125
53,51,2,52,52.0140609741211,0.721471667289734,0.987999975681305,8.92850002855994e-05,-0.153369396924973,0.468420207500458,1.25695919450663e-06,48828.125,30273.4375
54,46,8,52,51.9093742370605,1.64748907089233,1.01800000667572,8.81200030562468e-05,-0.219999730587006,1.68942511081696,1.0071526048705e-06,48828.125,28320.3125
56,50,6,54,54.078125,1.48017585277557,0.986000001430511,8.94499971764162e-05,-0.18146425485611,1.31706404685974,1.02104434063222e-06,49804.6875,30273.4375
58,51,7,56,55.953125,1.59484791755676,0.994000017642975,8.75699988682754e-05,-0.173484206199646,-2.42916989326477,1.07500920876191e-06,48828.125,30273.4375
58,49,9,56,56.03125,1.58194220066071,0.999000012874603,8.75699988682754e-05,-0.176860123872757,-2.26014614105225,1.04070227280317e-06,47851.5625,31250
56,52,4,54,54.3468742370605,1.17638599872589,1.00199997425079,8.7779997556936e-05,-0.182625651359558,-2.43867444992065,1.07957657746738e-06,47851.5625,30273.4375
56,51,5,54,54.3062515258789,1.31982839107513,1.01499998569489,8.67150010890327e-05,-0.179102867841721,-2.22580909729004,1.11578287942393e-06,47851.5625,29296.875
54,45,9,52,51.9703140258789,1.64544332027435,0.984000027179718,8.91649979166687e-05,-0.242338120937347,2.20853519439697,9.10959045086202e-07,48828.125,27343.75
55,44,11,53,52.6789054870605,1.93503367900848,0.984000027179718,8.99649967323057e-05,-0.213250398635864,2.45717167854309,9.0124495955024e-07,51757.8125,33203.125
57,53,4,56,55.4749984741211,1.17944347858429,0.991999983787537,8.77650018082932e-05,-0.174651890993118,-2.41269826889038,1.0486329529158e-06,47851.5625,30273.4375
58,50,8,56,55.89453125,1.67555236816406,0.995999991893768,8.72800010256469e-05,-0.179727375507355,-2.42408895492554,1.0475968110768e-06,48828.125,30273.4375
51,41,10,49,49.0414047241211,1.54697251319885,0.995000004768372,9.09950031200424e-05,-0.208375334739685,1.65462815761566,9.37865934247384e-07,47851.5625,30273.4375
61,53,8,59,59.0945320129395,1.56225061416626,0.995999991893768,8.69499999680556e-05,-0.170837730169296,-1.57484912872314,1.01174191513564e-06,47851.5625,30273.4375
60,49,11,58,57.6734390258789,1.8197717666626,1.01400005817413,8.70549993123859e-05,-0.15580216050148,-1.50306534767151,1.04126013411587e-06,47851.5625,31250
54,42,12,52,51.875,1.9116530418396,1.01400005817413,8.67850030772388e-05,-0.180251985788345,2.84480929374695,1.06102822883258e-06,47851.5625,29296.875
56,47,9,54,53.9093742370605,1.70807027816772,1.01300001144409,8.92949974513613e-05,-0.182625293731689,-2.65507435798645,1.11856252260623e-06,47851.5625,30273.4375
64,54,10,62,62.0687484741211,1.74575328826904,1.00999999046326,8.61000007716939e-05,-0.16029304265976,-0.530301690101624,9.29104601254949e-07,46875,33203.125
50,43,7,48,47.953125,1.60072004795074,0.981000006198883,9.13399999262765e-05,-0.203953415155411,0.73086941242218,9.24069865959609e-07,49804.6875,30273.4375
62,60,2,61,61.0734367370605,0.735079288482666,0.986000001430511,8.69299983605742e-05,-0.119324117898941,-0.782332301139832,1.13132659862458e-06,46875,31250
57,54,3,56,55.6515617370605,0.964011073112488,1.00999999046326,8.65800029714592e-05,-0.158231437206268,-1.72370791435242,1.15413399726094e-06,46875,30273.4375
59,55,4,57,57.2625007629395,1.17499351501465,1.00399994850159,8.69200011948124e-05,-0.157544761896133,-1.58841025829315,1.07212565580994e-06,47851.5625,30273.4375
60,59,1,59,59.4992179870605,0.500194787979126,1.00699996948242,8.53200035635382e-05,-0.117064535617828,-0.237749844789505,1.13887233510468e-06,46875,30273.4375
56,54,2,55,55.0539054870605,0.730910539627075,1.00899994373322,8.6599997302983e-05,-0.138881742954254,-1.69883251190186,1.25229166769714e-06,47851.5625,30273.4375
52,48,4,51,50.4210929870605,1.15764129161835,1.01699995994568,8.87350033735856e-05,-0.201471656560898,2.67916393280029,1.12747818548087e-06,48828.125,29296.875
63,61,2,62,62.0718765258789,0.737357616424561,1.00600004196167,8.48900017444976e-05,-0.114835679531097,-0.0248505286872387,1.06248944575782e-06,45898.4375,31250
61,58,3,60,59.6695327758789,0.99144572019577,0.99099999666214,8.70400035637431e-05,-0.13878333568573,-1.16358315944672,1.08789356545458e-06,47851.5625,31250
58,57,1,58,57.5187492370605,0.499843597412109,0.982999980449677,8.72399978106841e-05,-0.122836083173752,-1.34999406337738,1.19450294278067e-06,48828.125,30273.4375
56,51,5,54,54.2484359741211,1.35174190998077,0.996999979019165,8.75550031196326e-05,-0.185199379920959,-2.73281574249268,1.06165464330843e-06,47851.5625,29296.875
57,47,10,55,55.08203125,1.73957002162933,1.00899994373322,8.81349988048896e-05,-0.215931981801987,-2.39639639854431,1.01044452094357e-06,46875,28320.3125
62,52,10,61,60.2218742370605,1.65116286277771,0.99099999666214,8.93499964149669e-05,-0.162835836410522,-1.48678421974182,9.89425188890891e-07,47851.5625,30273.4375
50,39,11,48,48.0218734741211,1.73213827610016,0.984000027179718,9.24449996091425e-05,-0.225738555192947,0.852619171142578,7.66985749578453e-07,45898.4375,34179.6875
62,53,9,60,60.0968742370605,1.59062623977661,1.01999998092651,8.53149977046996e-05,-0.14541220664978,-0.661922872066498,9.70979158410046e-07,46875,33203.125
50,47,3,49,48.734375,0.970916986465454,0.996999979019165,8.99799997569062e-05,-0.168224811553955,1.98357021808624,1.21186201340606e-06,49804.6875,30273.4375
59,50,9,57,57.0515632629395,1.57844078540802,0.987999975681305,8.77549973665737e-05,-0.179652094841003,-2.27606391906738,9.50970559188136e-07,48828.125,31250
54,46,8,52,52.2289047241211,1.42904376983643,0.986000001430511,9.01849998626858e-05,-0.18648773431778,2.50650882720947,1.05901574443124e-06,49804.6875,30273.4375
60,53,7,58,57.9796867370605,1.57369697093964,1.01499998569489,8.61599983181804e-05,-0.146539568901062,-1.37995755672455,1.07777884750249e-06,47851.5625,31250
51,41,10,49,48.76953125,1.98568212985992,1.01300001144409,9.16749995667487e-05,-0.239629060029984,1.84586989879608,8.28990266654728e-07,53710.9375,34179.6875
58,57,1,58,57.5023422241211,0.500189960002899,1.00499999523163,8.55699981912039e-05,-0.124821126461029,-0.758537769317627,1.1647416613414e-06,47851.5625,31250
62,54,8,60,60.0390625,1.59064090251923,1.00199997425079,8.6669999291189e-05,-0.156284958124161,-1.15712738037109,9.60424699769646e-07,46875,32226.5625
57,51,6,55,55.2328109741211,1.43141949176788,1.01900005340576,8.57400009408593e-05,-0.191225051879883,-1.94556391239166,1.05508536307752e-06,46875,28320.3125
51,42,9,49,48.7578125,1.7499965429306,0.989000022411346,9.43350023590028e-05,-0.193848729133606,1.19416999816895,9.53038409079454e-07,47851.5625,31250
50,48,2,49,49.0539054870605,0.739418685436249,0.996999979019165,8.91050003701821e-05,-0.153237015008926,2.40175914764404,1.32760590076941e-06,49804.6875,29296.875
59,56,3,58,57.7921867370605,0.955917298793793,0.981000006198883,8.83300017449073e-05,-0.156668186187744,-1.95000958442688,1.05135313788196e-06,48828.125,31250
51,44,7,49,48.81640625,1.67813873291016,0.996999979019165,9.12649993551895e-05,-0.183834999799728,1.44377386569977,1.04897651453939e-06,49804.6875,30273.4375
51,39,12,50,49.1179695129395,1.75807905197144,0.995000004768372,9.25799977267161e-05,-0.24732580780983,1.64806246757507,9.29920702219533e-07,45898.4375,24414.0625
56,55,1,56,55.5179672241211,0.499872326850891,1.01800000667572,8.47699993755668e-05,-0.134005427360535,-0.929344058036804,1.18132186344155e-06,47851.5625,30273.4375
53,44,9,51,50.9562492370605,1.63798487186432,0.994000017642975,8.92949974513613e-05,-0.221844524145126,2.09359335899353,9.8441546469985e-07,50781.25,29296.875
53,50,3,52,51.6843757629395,0.956639051437378,1.01400005817413,8.8159998995252e-05,-0.173462778329849,-2.82203531265259,1.22028484383918e-06,48828.125,29296.875
57,55,2,56,56.0648422241211,0.741708397865295,1.0110000371933,8.62899978528731e-05,-0.139046728610992,-1.36640405654907,1.1919759117518e-06,46875,31250
54,49,5,52,52.2523422241211,1.35477411746979,0.986000001430511,8.98549988050945e-05,-0.193504720926285,2.61398410797119,1.02195667750493e-06,49804.6875,31250
53,46,7,52,51.2648429870605,1.50298583507538,1.01900005340576,9.01199964573607e-05,-0.203553438186646,1.54400658607483,1.10149812826421e-06,48828.125,29296.875
57,47,10,55,54.9117202758789,1.6950980424881,1.00499999523163,8.66300033521838e-05,-0.209311842918396,-2.57677745819092,1.06303832581034e-06,47851.5625,27343.75
54,46,8,52,52.1734390258789,1.43275022506714,1.00399994850159,8.85249974089675e-05,-0.186820268630981,2.31346225738525,1.08453468783409e-06,48828.125,30273.4375
51,45,6,49,49.1140632629395,1.49780833721161,0.980000019073486,9.07849971554242e-05,-0.214830130338669,1.26560354232788,9.80065578914946e-07,50781.25,28320.3125
60,56,4,58,58.3531265258789,1.15438032150269,1.00800001621246,8.62200031406246e-05,-0.156411826610565,-1.17374789714813,9.99434064397065e-07,46875,32226.5625
58,54,4,57,56.4640617370605,1.1671644449234,0.98199999332428,8.86299967532977e-05,-0.157766789197922,-2.36408042907715,1.07033497442899e-06,48828.125,30273.4375
53,43,10,51,50.9921875,1.63089835643768,0.986999988555908,9.01849998626858e-05,-0.213488757610321,1.96940398216248,9.41057294312486e-07,48828.125,29296.875
58,56,2,57,57.0398445129395,0.738195061683655,0.984000027179718,8.78900027601048e-05,-0.129084914922714,-1.81763553619385,1.20114759738499e-06,48828.125,31250
64,62,2,63,63.046875,0.72656911611557,0.995000004768372,8.56149999890476e-05,-0.102026551961899,-0.0879431217908859,1.09520897240145e-06,46875,32226.5625
64,55,9,62,61.8132820129395,1.72240316867828,1.01199996471405,8.60250002006069e-05,-0.151218831539154,-0.59084165096283,1.04782077414711e-06,46875,29296.875
57,45,12,55,54.9320297241211,1.71847498416901,1.00899994373322,8.59150022733957e-05,-0.171464502811432,-2.29942607879639,1.07707433016913e-06,46875,30273.4375
51,49,2,50,50.0109367370605,0.729071795940399,0.984000027179718,8.95449993549846e-05,-0.152150541543961,2.39201545715332,1.26747704598529e-06,49804.6875,30273.4375
56,48,8,54,53.9070320129395,1.66224145889282,1.01199996471405,8.80700026755221e-05,-0.190398752689362,-2.55109357833862,1.04313096471742e-06,47851.5625,29296.875
50,47,3,49,48.6507797241211,0.932808816432953,0.998000025749207,8.95600023795851e-05,-0.178788870573044,2.02429246902466,1.1662434644677e-06,49804.6875,30273.4375
56,55,1,56,55.5015640258789,0.500192999839783,0.981000006198883,8.7474996689707e-05,-0.136284232139587,-1.90973734855652,1.18414720873261e-06,49804.6875,31250
63,53,10,61,60.9523429870605,1.83444857597351,0.989000022411346,8.94400000106543e-05,-0.177306354045868,-1.35409235954285,9.13500628030306e-07,49804.6875,31250
57,50,7,56,55.3312492370605,1.44417893886566,1.01199996471405,8.68499992066063e-05,-0.182113349437714,-2.09749746322632,1.04436435321986e-06,46875,29296.875
58,57,1,58,57.5015640258789,0.500192999839783,1.00999999046326,8.51799995871261e-05,-0.13067701458931,-0.623886823654175,1.13588566819089e-06,47851.5625,31250
52,41,11,50,49.6578140258789,2.01171731948853,0.986999988555908,9.85500009846874e-05,-0.210911691188812,1.25705909729004,7.61134685944853e-07,44921.875,29296.875
50,43,7,48,48.1484375,1.59205341339111,0.981000006198883,9.10200033104047e-05,-0.204788535833359,0.850495040416718,9.82392293735757e-07,50781.25,30273.4375
64,55,9,62,61.7101554870605,1.77010798454285,0.991999983787537,8.71599986567162e-05,-0.15332880616188,-1.08239197731018,9.64023342930886e-07,47851.5625,32226.5625
55,49,6,53,53.05859375,1.53423416614532,1.01199996471405,8.74199977261014e-05,-0.184623032808304,-2.81357192993164,1.10029361621855e-06,48828.125,30273.4375
54,51,3,53,52.6148452758789,0.972297251224518,1.01800000667572,8.73199969646521e-05,-0.161185741424561,-2.39248299598694,1.24169014270592e-06,47851.5625,30273.4375
58,52,6,57,56.2554702758789,1.39401757717133,1.00300002098083,8.67650014697574e-05,-0.16993772983551,-2.02290868759155,1.02791329936736e-06,47851.5625,31250
61,57,4,59,59.3312492370605,1.15002465248108,0.982999980449677,8.80899970070459e-05,-0.157651633024216,-1.62137806415558,1.03649028915243e-06,47851.5625,30273.4375
53,49,4,52,51.55078125,1.14017510414124,1,8.95799967111088e-05,-0.199821084737778,2.70309901237488,1.06150253031956e-06,48828.125,30273.4375
57,50,7,55,55.1765632629395,1.5006115436554,1.01999998092651,8.60549989738502e-05,-0.159220784902573,-1.8825945854187,1.07782170744031e-06,47851.5625,32226.5625
54,52,2,53,53.0421867370605,0.744918584823608,1.01800000667572,8.64800022100098e-05,-0.148552447557449,-2.03538799285889,1.31041599615855e-06,47851.5625,29296.875
57,52,5,55,55.2242202758789,1.31528842449188,1.01999998092651,8.63899986143224e-05,-0.163236111402512,-1.87118244171143,1.11735960217629e-06,46875,31250
52,45,7,50,49.8796882629395,1.58508288860321,1.00800001621246,8.9414999820292e-05,-0.17978373169899,2.27171516418457,1.18766365631018e-06,48828.125,29296.875
57,48,9,55,55.0085945129395,1.74909901618958,0.996999979019165,8.8230000983458e-05,-0.189684301614761,-2.71929454803467,1.07297034901421e-06,48828.125,29296.875
50,42,8,48,48.0796890258789,1.55882108211517,1.01600003242493,9.00649974937551e-05,-0.204783737659454,1.78127026557922,1.07628568457585e-06,48828.125,29296.875
62,51,11,60,59.98828125,1.8397114276886,1.01600003242493,8.40549982967786e-05,-0.165385842323303,-0.868531286716461,8.02840531832771e-07,42968.75,37109.375
59,50,9,57,56.9921875,1.70679593086243,0.985000014305115,8.81250016391277e-05,-0.17103573679924,-2.4380509853363,1.07722564735013e-06,48828.125,29296.875
64,55,9,62,62.0335922241211,1.69106459617615,1.0110000371933,8.59499996295199e-05,-0.16337776184082,-0.459489285945892,9.24062987905927e-07,45898.4375,31250
58,48,10,56,55.7757797241211,1.91546297073364,1.01699995994568,8.6669999291189e-05,-0.211335599422455,-2.2007532119751,9.25540405205538e-07,49804.6875,31250
52,43,9,50,50.15625,1.58293032646179,1.01600003242493,8.96350029506721e-05,-0.190595179796219,2.61345362663269,1.13880207663897e-06,49804.6875,30273.4375
57,56,1,57,56.5179672241211,0.499872326850891,1.00800001621246,8.55000034789555e-05,-0.125925123691559,-0.94663006067276,1.21121877327823e-06,47851.5625,30273.4375
59,52,7,58,57.23828125,1.44655215740204,1.00199997425079,8.65649999468587e-05,-0.156650990247726,-1.78623127937317,9.98037762656168e-07,47851.5625,33203.125
55,47,8,53,52.8742179870605,1.78051948547363,1.0110000371933,8.69400028022937e-05,-0.195428997278214,-3.04568600654602,1.0145871556233e-06,47851.5625,31250
58,53,5,56,56.2687492370605,1.34203410148621,1.00100004673004,8.68499992066063e-05,-0.189768344163895,-2.04327344894409,1.03013542229746e-06,47851.5625,29296.875
52,47,5,50,50.2140617370605,1.33085906505585,0.992999970912933,8.90950032044202e-05,-0.200531154870987,2.14781475067139,1.06749735095946e-06,49804.6875,29296.875
61,54,7,59,59.0914077758789,1.50326859951019,0.990000009536743,8.77499987836927e-05,-0.173400789499283,-1.73138988018036,9.77838681137655e-07,47851.5625,30273.4375
63,53,10,61,61.00390625,1.71526300907135,1.00199997425079,8.72500022524036e-05,-0.152990698814392,-0.922159671783447,1.04708612980176e-06,47851.5625,29296.875
54,50,4,53,52.4390640258789,1.13692963123322,0.998000025749207,8.92750031198375e-05,-0.176067173480988,0.714139580726624,1.11657141133037e-06,48828.125,30273.4375
61,56,5,59,59.1609382629395,1.36321806907654,1.00100004673004,8.65300025907345e-05,-0.153662830591202,-1.25908553600311,9.90228954833583e-07,46875,33203.125
51,43,8,49,48.7953109741211,1.77383732795715,0.990000009536743,9.38450029934756e-05,-0.182695627212524,1.14885783195496,9.79013748292346e-07,46875,31250
53,50,3,52,51.6351547241211,0.966449677944183,1.00399994850159,8.86449997778982e-05,-0.167443662881851,-0.321962952613831,1.22646895306389e-06,48828.125,30273.4375
56,46,10,54,53.94921875,1.75596809387207,1.00699996948242,8.71299998834729e-05,-0.231738388538361,-2.7240571975708,9.03373859273415e-07,48828.125,28320.3125
55,47,8,54,53.2023429870605,1.56600737571716,1.01300001144409,8.85799963725731e-05,-0.189021587371826,-2.83038139343262,1.14186491373403e-06,48828.125,29296.875
59,54,5,57,57.2789077758789,1.29636240005493,1.00399994850159,8.71500014909543e-05,-0.170296549797058,-1.72072768211365,1.02214778507914e-06,47851.5625,30273.4375
58,49,9,56,55.8421859741211,1.84973466396332,1.00999999046326,8.6519998149015e-05,-0.20393693447113,-2.21395111083984,1.07246842162567e-06,46875,27343.75
51,47,4,50,49.4656257629395,1.1598197221756,0.986000001430511,9.01849998626858e-05,-0.193439990282059,1.736572265625,1.0658196742952e-06,49804.6875,30273.4375
51,41,10,50,49.2015609741211,1.69946801662445,0.984000027179718,8.98200014489703e-05,-0.219859004020691,1.34420359134674,1.00087788723613e-06,49804.6875,28320.3125
50,49,1,50,49.5132827758789,0.500018954277039,0.986999988555908,8.96700003067963e-05,-0.159531384706497,2.77495241165161,1.23369295579323e-06,50781.25,30273.4375
64,58,6,62,62.1515617370605,1.47764074802399,1.01400005817413,8.4910003351979e-05,-0.151625722646713,-0.264460742473602,9.89344357549271e-07,44921.875,30273.4375
59,55,4,58,57.38671875,1.14662849903107,1.00199997425079,8.69799987412989e-05,-0.165457129478455,-1.62087714672089,1.07513017155725e-06,47851.5625,30273.4375
62,52,10,60,59.8546867370605,1.79063940048218,0.998000025749207,8.7629996414762e-05,-0.174742251634598,-1.38518047332764,9.48582680848631e-07,47851.5625,30273.4375
58,48,10,56,55.8312492370605,1.79730272293091,1.0110000371933,8.78100036061369e-05,-0.160146266222,-2.1379919052124,1.09633481315541e-06,48828.125,31250
52,41,11,50,50.0078125,1.85938906669617,0.985000014305115,9.11850002012216e-05,-0.190723031759262,1.50700509548187,1.01346620340337e-06,47851.5625,29296.875
59,51,8,57,57.078125,1.59264028072357,0.980000019073486,8.87849964783527e-05,-0.164946764707565,-2.48332929611206,1.00365480193432e-06,48828.125,31250
57,48,9,55,55.1265640258789,1.52064168453217,0.991999983787537,8.74899997143075e-05,-0.17753142118454,-2.69208717346191,1.06654249520943e-06,48828.125,29296.875
56,50,6,54,54.1382827758789,1.44335961341858,0.990000009536743,8.86650013853796e-05,-0.194325894117355,-2.99940466880798,1.01360149074026e-06,47851.5625,29296.875
55,46,9,54,53.1687507629395,1.64465391635895,0.991999983787537,9.03100008144975e-05,-0.195426553487778,2.72994518280029,1.07519554148894e-06,49804.6875,29296.875
59,58,1,59,58.5070304870605,0.500145971775055,1.01900005340576,8.43899979372509e-05,-0.119569152593613,-0.17810732126236,1.12490079118288e-06,46875,31250
59,48,11,57,56.6820297241211,1.96760046482086,1.00300002098083,8.80099978530779e-05,-0.17212301492691,-2.11823654174805,9.68734866546583e-07,47851.5625,33203.125
52,43,9,50,49.8976554870605,1.69799423217773,1.00399994850159,9.0975001512561e-05,-0.224056005477905,2.04170751571655,9.48511740261893e-07,51757.8125,30273.4375
62,51,11,60,59.9976577758789,1.70107650756836,1.00600004196167,8.56900005601346e-05,-0.15201324224472,-1.03754794597626,9.11232234557247e-07,46875,34179.6875
59,50,9,57,57.1015625,1.55553865432739,0.995999991893768,8.7629996414762e-05,-0.198659420013428,-2.09763669967651,9.85466499514587e-07,47851.5625,29296.875
58,54,4,56,56.3468742370605,1.19681215286255,1.01999998092651,8.60000000102445e-05,-0.168851882219315,-1.46133780479431,1.09205439002835e-06,46875,29296.875
61,57,4,59,59.33203125,1.18033361434937,1.01900005340576,8.55499965837225e-05,-0.153953313827515,-0.665624380111694,9.92814875644399e-07,46875,32226.5625
52,42,10,50,49.7859382629395,1.81543791294098,1.0110000371933,8.93850010470487e-05,-0.193960070610046,2.26951932907104,1.06869481442118e-06,48828.125,30273.4375
63,60,3,62,61.6867179870605,0.942180812358856,0.987999975681305,8.70700023369864e-05,-0.131622701883316,-0.786497414112091,1.06178003989044e-06,47851.5625,31250
54,52,2,53,53.0648422241211,0.727875649929047,1.01600003242493,8.65699985297397e-05,-0.147229850292206,-2.09423542022705,1.30191256175749e-06,47851.5625,29296.875
53,52,1,52,52.4789047241211,0.499750107526779,0.984000027179718,8.82649983395822e-05,-0.15264019370079,-2.67009544372559,1.20368270017934e-06,48828.125,30273.4375
62,58,4,61,60.4749984741211,1.16005980968475,1.00499999523163,8.62099986989051e-05,-0.157123476266861,-0.776722550392151,9.96888047666289e-07,46875,30273.4375
55,53,2,54,54.09375,0.727409303188324,0.998000025749207,8.76400008564815e-05,-0.146573275327682,-2.27148008346558,1.25506687709276e-06,47851.5625,30273.4375
62,52,10,61,60.1187515258789,1.69485032558441,0.981000006198883,8.89899965841323e-05,-0.181650191545486,-1.81591069698334,9.28124165966437e-07,48828.125,30273.4375
54,48,6,52,52.1453132629395,1.48407542705536,1.01699995994568,8.7549997260794e-05,-0.193547010421753,-2.95891404151917,1.08352799088607e-06,47851.5625,29296.875
58,54,4,57,56.5101547241211,1.14741027355194,1.01900005340576,8.59849969856441e-05,-0.169540494680405,-1.43109178543091,1.04933474176505e-06,46875,30273.4375
53,45,8,51,50.9617195129395,1.58005654811859,1.01699995994568,8.87549977051094e-05,-0.188986986875534,2.80907344818115,1.09015468297002e-06,48828.125,29296.875
60,59,1,60,59.5062484741211,0.500156342983246,0.986999988555908,8.67600028868765e-05,-0.12119260430336,-0.754215598106384,1.14480349111545e-06,47851.5625,30273.4375
52,43,9,50,50.0023422241211,1.67653930187225,0.992999970912933,9.14650008780882e-05,-0.176147669553757,1.73034691810608,1.03476168078487e-06,48828.125,31250
63,56,7,61,60.98046875,1.58435261249542,1.01900005340576,8.53800011100248e-05,-0.15765368938446,-0.478529512882233,1.00579461559391e-06,45898.4375,30273.4375
55,54,1,55,54.5062484741211,0.500156342983246,0.984000027179718,8.75400000950322e-05,-0.135978788137436,-2.10502481460571,1.23302186239016e-06,48828.125,30273.4375
57,53,4,56,55.484375,1.152787566185,1.00300002098083,8.7474996689707e-05,-0.166542440652847,-2.1317343711853,1.09655775304418e-06,47851.5625,30273.4375
50,40,10,48,48.0164070129395,1.71883177757263,0.999000012874603,9.07549983821809e-05,-0.193086802959442,1.3180103302002,9.64808691605867e-07,50781.25,32226.5625
64,61,3,63,62.60546875,0.96691220998764,0.986000001430511,8.67850030772388e-05,-0.12479293346405,-0.598113179206848,1.0576304703136e-06,46875,31250
62,50,12,60,59.9710922241211,1.87655186653137,1.01600003242493,8.40400025481358e-05,-0.166668117046356,-0.875946879386902,7.90967703778733e-07,42968.75,37109.375
56,45,11,54,53.9007797241211,1.87038969993591,0.985000014305115,9.0020002971869e-05,-0.202107846736908,2.3345627784729,9.45227952797723e-07,49804.6875,31250
63,53,10,61,61.0101547241211,1.6572790145874,1.00399994850159,8.81450032466091e-05,-0.151120245456696,-0.932496666908264,1.08089614059281e-06,47851.5625,28320.3125
63,62,1,62,62.4945297241211,0.500165522098541,0.992999970912933,8.52750017656945e-05,-0.101771146059036,0.0590213425457478,1.09096811229392e-06,46875,31250
57,52,5,55,55.1632804870605,1.36035513877869,0.996999979019165,8.74850011314265e-05,-0.18422868847847,-2.46891784667969,1.03746992863307e-06,47851.5625,29296.875
53,49,4,51,51.3453140258789,1.15674316883087,0.987999975681305,8.95350021892227e-05,-0.198038429021835,2.51990795135498,1.03391391803598e-06,49804.6875,29296.875
57,55,2,56,56.0695304870605,0.724210858345032,1.00499999523163,8.64999965415336e-05,-0.136118143796921,-1.51320385932922,1.20569177397556e-06,47851.5625,30273.4375
54,42,12,52,51.8812484741211,1.93117499351501,1.01999998092651,8.87900023371913e-05,-0.193606436252594,1.85316801071167,1.0834554586836e-06,48828.125,30273.4375
56,54,2,55,55.0023422241211,0.725387394428253,1.01400005817413,8.60349973663688e-05,-0.140272706747055,-1.55403733253479,1.25541293982678e-06,46875,30273.4375
63,59,4,62,61.4109382629395,1.17567431926727,1.00800001621246,8.56300030136481e-05,-0.148711562156677,-0.441469073295593,9.65079038905969e-07,45898.4375,31250
54,46,8,52,51.9562492370605,1.57073259353638,1.0110000371933,9.04650005395524e-05,-0.201383769512177,1.89635825157166,1.10098176264728e-06,49804.6875,29296.875
62,60,2,61,61.0656242370605,0.72941517829895,1.01400005817413,8.47799965413287e-05,-0.114663243293762,-0.0696496069431305,1.09957693439355e-06,45898.4375,31250
64,58,6,62,62.1984367370605,1.45766341686249,0.999000012874603,8.64999965415336e-05,-0.153388559818268,-0.651410520076752,9.92173227132298e-07,46875,30273.4375
62,50,12,60,60.1007804870605,1.77419590950012,1.00300002098083,8.75199984875508e-05,-0.151566088199615,-1.12739050388336,1.01409068520297e-06,46875,30273.4375
57,54,3,56,55.6414070129395,0.96798050403595,1.01600003242493,8.60450018080883e-05,-0.162044584751129,-1.54823529720306,1.13293515369151e-06,46875,30273.4375
58,49,9,56,55.98828125,1.68115723133087,1.00800001621246,8.68150018504821e-05,-0.15477466583252,-2.11189937591553,1.08537301457545e-06,46875,30273.4375
62,61,1,61,61.4984359741211,0.500192999839783,0.985000014305115,8.63550012581982e-05,-0.108666688203812,-0.355111360549927,1.12149780306936e-06,47851.5625,31250
50,42,8,48,48.1421890258789,1.49278223514557,1.0110000371933,8.83899992913939e-05,-0.198825478553772,1.77637219429016,1.08852384528291e-06,48828.125,30273.4375
61,56,5,59,59.2257804870605,1.32567989826202,0.980000019073486,8.86950001586229e-05,-0.149091213941574,-1.84718918800354,1.04946491319424e-06,48828.125,30273.4375
57,48,9,55,54.9585952758789,1.66526520252228,1.01400005817413,8.68100032676011e-05,-0.190519124269485,-2.24443364143372,1.05742742562143e-06,46875,28320.3125
55,49,6,53,53.0023422241211,1.53331339359283,1.01199996471405,8.89200018718839e-05,-0.199815690517426,-2.92306232452393,1.09086568045313e-06,48828.125,29296.875
61,57,4,59,59.3812484741211,1.13027501106262,1.01400005817413,8.57600025483407e-05,-0.150920987129211,-0.784271717071533,1.03006686913432e-06,46875,31250
53,46,7,51,51.01171875,1.53988516330719,0.980000019073486,9.07950015971437e-05,-0.179424226284027,1.8763313293457,1.01844136679574e-06,50781.25,30273.4375
