ModelThickMax,ModelThickMin,ModelThickDiff,ModelThickMedian,ModelThickMean,ModelThickStd,ModeVelCoeff,EnvelopeAvgTimeDiff,EnvelopeAvgAmpReduc,PhaseDiffMean,Win4_PeakAmp,Win4_PeakFreq,Win4_fwhmFreqRange
61,61,0,61,61,0,0.980000019073486,8.73199969646521e-05,-0.0902150571346283,-0.820040702819824,1.24163022974244e-06,47851.5625,30273.4375
61,61,0,61,61,0,0.990000009536743,8.66199989104643e-05,-0.0895965397357941,-0.553821802139282,1.23829647691309e-06,47851.5625,31250
61,61,0,61,61,0,1,8.5790001321584e-05,-0.0890827476978302,-0.293270111083984,1.22482526876411e-06,46875,31250
61,61,0,61,61,0,1.00999999046326,8.49700008984655e-05,-0.0886954963207245,-0.0382242053747177,1.20182323826157e-06,46875,31250
61,61,0,61,61,0,1.01999998092651,8.42450026539154e-05,-0.0881488025188446,0.21149317920208,1.17201193461369e-06,45898.4375,31250
61,59,2,60,60.0593757629395,0.727805554866791,0.980000019073486,8.76600024639629e-05,-0.121048480272293,-1.17267334461212,1.14349916202627e-06,47851.5625,30273.4375
61,59,2,60,60.0593757629395,0.727805554866791,0.990000009536743,8.69400028022937e-05,-0.121133983135223,-0.905654311180115,1.14627312086668e-06,47851.5625,31250
61,59,2,60,60.0593757629395,0.727805554866791,1,8.62300003063865e-05,-0.12092399597168,-0.644659578800201,1.13987107397406e-06,46875,30273.4375
61,59,2,60,60.0593757629395,0.727805554866791,1.00999999046326,8.54199970490299e-05,-0.120035767555237,-0.389175891876221,1.12478562641627e-06,46875,31250
61,59,2,60,60.0593757629395,0.727805554866791,1.01999998092651,8.46399998408742e-05,-0.118944555521011,-0.138896897435188,1.10291944110941e-06,45898.4375,31250
61,59,2,60,60.0164070129395,0.733779788017273,0.980000019073486,8.76600024639629e-05,-0.126508384943008,-1.16530442237854,1.12444251954003e-06,47851.5625,30273.4375
61,59,2,60,60.0164070129395,0.733779788017273,0.990000009536743,8.69599971338175e-05,-0.126493871212006,-0.898526310920715,1.12704287857923e-06,46875,31250
61,59,2,60,60.0164070129395,0.733779788017273,1,8.62200031406246e-05,-0.126052021980286,-0.637714624404907,1.12129362150881e-06,46875,30273.4375
61,59,2,60,60.0164070129395,0.733779788017273,1.00999999046326,8.53800011100248e-05,-0.124834299087524,-0.382355511188507,1.10657333607378e-06,46875,31250
61,59,2,60,60.0164070129395,0.733779788017273,1.01999998092651,8.46300026751123e-05,-0.123461335897446,-0.132186129689217,1.0857420420507e-06,45898.4375,31250
61,59,2,60,60.0445327758789,0.741098701953888,0.980000019073486,8.76100020832382e-05,-0.12128734588623,-1.1650892496109,1.1355041351635e-06,47851.5625,30273.4375
61,59,2,60,60.0445327758789,0.741098701953888,0.990000009536743,8.69099967530929e-05,-0.121657371520996,-0.897608518600464,1.1354763955751e-06,47851.5625,31250
61,59,2,60,60.0445327758789,0.741098701953888,1,8.61700027598999e-05,-0.121655195951462,-0.636112213134766,1.12425277620787e-06,47851.5625,31250
61,59,2,60,60.0445327758789,0.741098701953888,1.00999999046326,8.53699966683052e-05,-0.120866864919662,-0.380065321922302,1.10552207388537e-06,46875,32226.5625
61,59,2,60,60.0445327758789,0.741098701953888,1.01999998092651,8.45800022943877e-05,-0.119905710220337,-0.129177883267403,1.07833955098613e-06,45898.4375,31250
61,57,4,60,59.4273452758789,1.15263676643372,0.980000019073486,8.82000022102147e-05,-0.157815217971802,-1.70765280723572,1.0109506547451e-06,47851.5625,31250
61,57,4,60,59.4273452758789,1.15263676643372,0.990000009536743,8.73800017870963e-05,-0.157669454813004,-1.43763089179993,1.02117905953492e-06,47851.5625,30273.4375
61,57,4,60,59.4273452758789,1.15263676643372,1,8.65499969222583e-05,-0.15819525718689,-1.17368054389954,1.02415935998579e-06,46875,31250
61,57,4,60,59.4273452758789,1.15263676643372,1.00999999046326,8.5790001321584e-05,-0.158980578184128,-0.915795683860779,1.01910222838342e-06,46875,30273.4375
61,57,4,60,59.4273452758789,1.15263676643372,1.01999998092651,8.51500008138828e-05,-0.158955454826355,-0.663790464401245,1.00848205875081e-06,45898.4375,31250
61,57,4,59,59.3804702758789,1.16895997524261,0.980000019073486,8.84900000528432e-05,-0.157283753156662,-1.66697525978088,9.87500470728264e-07,47851.5625,31250
61,57,4,59,59.3804702758789,1.16895997524261,0.990000009536743,8.77299971762113e-05,-0.156747490167618,-1.39675486087799,9.97486949927406e-07,47851.5625,31250
61,57,4,59,59.3804702758789,1.16895997524261,1,8.69299983605742e-05,-0.156816452741623,-1.13254034519196,9.98554810394126e-07,46875,31250
61,57,4,59,59.3804702758789,1.16895997524261,1.00999999046326,8.62200031406246e-05,-0.157080918550491,-0.874351978302002,9.92102513919235e-07,46875,32226.5625
61,57,4,59,59.3804702758789,1.16895997524261,1.01999998092651,8.5489999037236e-05,-0.156640827655792,-0.621955931186676,9.79610490503546e-07,45898.4375,31250
61,57,4,60,59.4312515258789,1.16501986980438,0.980000019073486,8.84100008988753e-05,-0.156168639659882,-1.6947124004364,1.01609293778893e-06,48828.125,31250
61,57,4,60,59.4312515258789,1.16501986980438,0.990000009536743,8.75999976415187e-05,-0.15599524974823,-1.42371606826782,1.02452031569555e-06,47851.5625,30273.4375
61,57,4,60,59.4312515258789,1.16501986980438,1,8.68299975991249e-05,-0.156480133533478,-1.15874314308167,1.02410467661684e-06,47851.5625,31250
61,57,4,60,59.4312515258789,1.16501986980438,1.00999999046326,8.61099979374558e-05,-0.157211273908615,-0.899793148040771,1.01679552244605e-06,46875,31250
61,57,4,60,59.4312515258789,1.16501986980438,1.01999998092651,8.54399986565113e-05,-0.157178580760956,-0.646674454212189,1.00228919563961e-06,45898.4375,31250
61,55,6,59,59.1296882629395,1.45360136032104,0.980000019073486,8.80099978530779e-05,-0.16157540678978,-1.96497106552124,9.86307213679538e-07,48828.125,30273.4375
61,55,6,59,59.1296882629395,1.45360136032104,0.990000009536743,8.73449971550144e-05,-0.161771833896637,-1.69336903095245,9.87507291938527e-07,47851.5625,31250
61,55,6,59,59.1296882629395,1.45360136032104,1,8.65699985297397e-05,-0.162306994199753,-1.42525446414948,9.82677988758951e-07,46875,32226.5625
61,55,6,59,59.1296882629395,1.45360136032104,1.00999999046326,8.56499973451719e-05,-0.163488745689392,-1.16724073886871,9.74531758402009e-07,46875,31250
61,55,6,59,59.1296882629395,1.45360136032104,1.01999998092651,8.47300034365617e-05,-0.164938718080521,-0.915252685546875,9.63609636528417e-07,44921.875,32226.5625
61,55,6,59,59.0789070129395,1.47722625732422,0.980000019073486,8.90049996087328e-05,-0.152119398117065,-1.92516589164734,1.00141119219188e-06,48828.125,31250
61,55,6,59,59.0789070129395,1.47722625732422,0.990000009536743,8.82050007930957e-05,-0.150808840990067,-1.65253829956055,1.01818181974522e-06,48828.125,31250
61,55,6,59,59.0789070129395,1.47722625732422,1,8.74800025485456e-05,-0.149952918291092,-1.38578188419342,1.026388417813e-06,47851.5625,31250
61,55,6,59,59.0789070129395,1.47722625732422,1.00999999046326,8.6749998445157e-05,-0.149766474962234,-1.12475574016571,1.02501121546084e-06,47851.5625,31250
61,55,6,59,59.0789070129395,1.47722625732422,1.01999998092651,8.59900028444827e-05,-0.149947017431259,-0.869441270828247,1.01483828984783e-06,46875,32226.5625
61,55,6,59,59.1851577758789,1.41617977619171,0.980000019073486,8.84449982549995e-05,-0.154365956783295,-1.85423755645752,9.95801883618697e-07,48828.125,31250
61,55,6,59,59.1851577758789,1.41617977619171,0.990000009536743,8.76400008564815e-05,-0.154282450675964,-1.58199644088745,9.98653831629781e-07,47851.5625,31250
61,55,6,59,59.1851577758789,1.41617977619171,1,8.67400012793951e-05,-0.154876708984375,-1.31559360027313,9.93535422821878e-07,47851.5625,32226.5625
61,55,6,59,59.1851577758789,1.41617977619171,1.00999999046326,8.59200008562766e-05,-0.155957579612732,-1.05504620075226,9.81169364422385e-07,46875,32226.5625
61,55,6,59,59.1851577758789,1.41617977619171,1.01999998092651,8.51799995871261e-05,-0.156843960285187,-0.800450146198273,9.63050979407853e-07,45898.4375,33203.125
61,53,8,59,59.0164070129395,1.62723481655121,0.980000019073486,8.76350022736005e-05,-0.170641988515854,-2.098060131073,9.55656560108764e-07,47851.5625,31250
61,53,8,59,59.0164070129395,1.62723481655121,0.990000009536743,8.70750009198673e-05,-0.171938598155975,-1.82697415351868,9.48188471738831e-07,47851.5625,32226.5625
61,53,8,59,59.0164070129395,1.62723481655121,1,8.6294996435754e-05,-0.172696053981781,-1.56279468536377,9.36802678097592e-07,46875,32226.5625
61,53,8,59,59.0164070129395,1.62723481655121,1.00999999046326,8.53849996929057e-05,-0.173449367284775,-1.30472338199615,9.26548580082454e-07,45898.4375,33203.125
61,53,8,59,59.0164070129395,1.62723481655121,1.01999998092651,8.43750021886081e-05,-0.174313366413116,-1.05260944366455,9.1974516180926e-07,44921.875,32226.5625
61,53,8,59,59.0046882629395,1.58224403858185,0.980000019073486,8.90800001798198e-05,-0.150154680013657,-1.98602700233459,1.00164800187486e-06,48828.125,31250
61,53,8,59,59.0046882629395,1.58224403858185,0.990000009536743,8.83199973031878e-05,-0.148845821619034,-1.712930560112,1.01849832390144e-06,48828.125,31250
61,53,8,59,59.0046882629395,1.58224403858185,1,8.75749974511564e-05,-0.147931069135666,-1.4457471370697,1.02648743904865e-06,47851.5625,32226.5625
61,53,8,59,59.0046882629395,1.58224403858185,1.00999999046326,8.67900016601197e-05,-0.147717267274857,-1.18430173397064,1.02575575056107e-06,47851.5625,31250
61,53,8,59,59.0046882629395,1.58224403858185,1.01999998092651,8.60599975567311e-05,-0.14806392788887,-0.928563475608826,1.0159816383748e-06,46875,32226.5625
61,53,8,59,59.09375,1.54493546485901,0.980000019073486,8.8455002696719e-05,-0.154502213001251,-1.89910316467285,9.9322051028139e-07,48828.125,31250
61,53,8,59,59.09375,1.54493546485901,0.990000009536743,8.76199992490001e-05,-0.154323518276215,-1.62677097320557,9.97729898699617e-07,47851.5625,31250
61,53,8,59,59.09375,1.54493546485901,1,8.67199996719137e-05,-0.154758423566818,-1.36018347740173,9.93460048448469e-07,47851.5625,32226.5625
61,53,8,59,59.09375,1.54493546485901,1.00999999046326,8.58700004755519e-05,-0.155641794204712,-1.09930062294006,9.81287257673102e-07,46875,32226.5625
61,53,8,59,59.09375,1.54493546485901,1.01999998092651,8.51599979796447e-05,-0.156449884176254,-0.844229519367218,9.6242990821338e-07,45898.4375,33203.125
61,51,10,59,58.9773445129395,1.70689237117767,0.980000019073486,8.74649995239452e-05,-0.175497382879257,-2.15736961364746,9.45435203902889e-07,48828.125,31250
61,51,10,59,58.9773445129395,1.70689237117767,0.990000009536743,8.69499999680556e-05,-0.177534937858582,-1.88521122932434,9.36618846480997e-07,47851.5625,32226.5625
61,51,10,59,58.9773445129395,1.70689237117767,1,8.62649976625107e-05,-0.178592681884766,-1.62029814720154,9.23221421089693e-07,46875,32226.5625
61,51,10,59,58.9773445129395,1.70689237117767,1.00999999046326,8.5414998466149e-05,-0.179315894842148,-1.36171722412109,9.11359109068144e-07,45898.4375,32226.5625
61,51,10,59,58.9773445129395,1.70689237117767,1.01999998092651,8.44149981276132e-05,-0.179987579584122,-1.10908484458923,9.04596788586787e-07,44921.875,32226.5625
61,51,10,59,58.9609375,1.67491888999939,0.980000019073486,8.91300005605444e-05,-0.148978561162949,-2.02370572090149,1.00293061677803e-06,48828.125,31250
61,51,10,59,58.9609375,1.67491888999939,0.990000009536743,8.83600005181506e-05,-0.14749863743782,-1.75039100646973,1.02105366295291e-06,48828.125,31250
61,51,10,59,58.9609375,1.67491888999939,1,8.75949990586378e-05,-0.146336525678635,-1.48299098014832,1.02963213066687e-06,47851.5625,32226.5625
61,51,10,59,58.9609375,1.67491888999939,1.00999999046326,8.68400020408444e-05,-0.145865947008133,-1.2213294506073,1.03004629181669e-06,47851.5625,31250
61,51,10,59,58.9609375,1.67491888999939,1.01999998092651,8.60599975567311e-05,-0.146107196807861,-0.965332746505737,1.02047476957523e-06,46875,32226.5625
61,51,10,59,59.0726547241211,1.59510660171509,0.980000019073486,8.83899992913939e-05,-0.154438227415085,-1.90810132026672,9.94316451397026e-07,48828.125,31250
61,51,10,59,59.0726547241211,1.59510660171509,0.990000009536743,8.7549997260794e-05,-0.154338359832764,-1.63584792613983,9.97064034891082e-07,47851.5625,31250
61,51,10,59,59.0726547241211,1.59510660171509,1,8.66199989104643e-05,-0.154891222715378,-1.36927151679993,9.90660396382737e-07,47851.5625,32226.5625
61,51,10,59,59.0726547241211,1.59510660171509,1.00999999046326,8.57699997141026e-05,-0.155862271785736,-1.10833644866943,9.76804585661739e-07,46875,32226.5625
61,51,10,59,59.0726547241211,1.59510660171509,1.01999998092651,8.50400028866716e-05,-0.156732857227325,-0.853175938129425,9.56917460825935e-07,45898.4375,33203.125
61,51,10,59,58.9773445129395,1.70689237117767,0.980000019073486,8.74649995239452e-05,-0.175497382879257,-2.15736961364746,9.45435203902889e-07,48828.125,31250
61,51,10,59,58.9773445129395,1.70689237117767,0.990000009536743,8.69499999680556e-05,-0.177534937858582,-1.88521122932434,9.36618846480997e-07,47851.5625,32226.5625
61,51,10,59,58.9773445129395,1.70689237117767,1,8.62649976625107e-05,-0.178592681884766,-1.62029814720154,9.23221421089693e-07,46875,32226.5625
61,51,10,59,58.9773445129395,1.70689237117767,1.00999999046326,8.5414998466149e-05,-0.179315894842148,-1.36171722412109,9.11359109068144e-07,45898.4375,32226.5625
61,51,10,59,58.9773445129395,1.70689237117767,1.01999998092651,8.44149981276132e-05,-0.179987579584122,-1.10908484458923,9.04596788586787e-07,44921.875,32226.5625
61,51,10,59,58.9609375,1.67491888999939,0.980000019073486,8.91300005605444e-05,-0.148978561162949,-2.02370572090149,1.00293061677803e-06,48828.125,31250
61,51,10,59,58.9609375,1.67491888999939,0.990000009536743,8.83600005181506e-05,-0.14749863743782,-1.75039100646973,1.02105366295291e-06,48828.125,31250
61,51,10,59,58.9609375,1.67491888999939,1,8.75949990586378e-05,-0.146336525678635,-1.48299098014832,1.02963213066687e-06,47851.5625,32226.5625
61,51,10,59,58.9609375,1.67491888999939,1.00999999046326,8.68400020408444e-05,-0.145865947008133,-1.2213294506073,1.03004629181669e-06,47851.5625,31250
61,51,10,59,58.9609375,1.67491888999939,1.01999998092651,8.60599975567311e-05,-0.146107196807861,-0.965332746505737,1.02047476957523e-06,46875,32226.5625
61,50,11,59,59.0609359741211,1.6302570104599,0.980000019073486,8.83699976839125e-05,-0.154875844717026,-1.91495823860168,9.93221874523442e-07,48828.125,31250
61,50,11,59,59.0609359741211,1.6302570104599,0.990000009536743,8.75199984875508e-05,-0.154815465211868,-1.64281749725342,9.94754486782767e-07,47851.5625,31250
61,50,11,59,59.0609359741211,1.6302570104599,1,8.65499969222583e-05,-0.15542134642601,-1.37630367279053,9.8686848559737e-07,47851.5625,32226.5625
61,50,11,59,59.0609359741211,1.6302570104599,1.00999999046326,8.5710002167616e-05,-0.15642061829567,-1.11536979675293,9.71887402556604e-07,46875,32226.5625
61,50,11,59,59.0609359741211,1.6302570104599,1.01999998092651,8.49549978738651e-05,-0.157328635454178,-0.860171675682068,9.5132412525345e-07,45898.4375,33203.125
62,62,0,62,62,0,0.980000019073486,8.70599978952669e-05,-0.0855728387832642,-0.584214329719543,1.22286883197376e-06,47851.5625,30273.4375
62,62,0,62,62,0,0.990000009536743,8.62349988892674e-05,-0.0851855576038361,-0.319319188594818,1.21516063700255e-06,46875,31250
62,62,0,62,62,0,1,8.53750025271438e-05,-0.0851027965545654,-0.0601909980177879,1.19898743378144e-06,46875,31250
62,62,0,62,62,0,1.00999999046326,8.46249968162738e-05,-0.0846167206764221,0.193271979689598,1.17396405130421e-06,45898.4375,31250
62,62,0,62,62,0,1.01999998092651,8.40450011310168e-05,-0.08309206366539,0.441691160202026,1.14509032300703e-06,45898.4375,31250
62,60,2,61,61.0773429870605,0.733080148696899,0.980000019073486,8.73000026331283e-05,-0.121450185775757,-0.940713822841644,1.11596796159574e-06,47851.5625,30273.4375
62,60,2,61,61.0773429870605,0.733080148696899,0.990000009536743,8.66100017447025e-05,-0.121026456356049,-0.675323486328125,1.11561303128838e-06,46875,31250
62,60,2,61,61.0773429870605,0.733080148696899,1,8.58299972605892e-05,-0.120241850614548,-0.415771543979645,1.10730411506665e-06,46875,30273.4375
62,60,2,61,61.0773429870605,0.733080148696899,1.00999999046326,8.49999996717088e-05,-0.119366526603699,-0.161628633737564,1.08976632873237e-06,45898.4375,31250
62,60,2,61,61.0773429870605,0.733080148696899,1.01999998092651,8.42599984025583e-05,-0.118656992912292,0.087158128619194,1.06609263639257e-06,45898.4375,31250
62,60,2,61,61.0179672241211,0.730539381504059,0.980000019073486,8.73699973453768e-05,-0.115951091051102,-0.937389433383942,1.14855583888129e-06,47851.5625,30273.4375
62,60,2,61,61.0179672241211,0.730539381504059,0.990000009536743,8.66999980644323e-05,-0.115281850099564,-0.671807944774628,1.14911495074921e-06,46875,31250
62,60,2,61,61.0179672241211,0.730539381504059,1,8.59599967952818e-05,-0.114256381988525,-0.411996185779572,1.14145279894728e-06,46875,30273.4375
62,60,2,61,61.0179672241211,0.730539381504059,1.00999999046326,8.51399963721633e-05,-0.113196045160294,-0.157584235072136,1.12460531909164e-06,45898.4375,31250
62,60,2,61,61.0179672241211,0.730539381504059,1.01999998092651,8.44000023789704e-05,-0.112288624048233,0.0914715826511383,1.10143321307987e-06,45898.4375,31250
62,60,2,61,61.0523452758789,0.72995388507843,0.980000019073486,8.71800002641976e-05,-0.115948528051376,-0.927979230880737,1.13433202386659e-06,47851.5625,30273.4375
62,60,2,61,61.0523452758789,0.72995388507843,0.990000009536743,8.64800022100098e-05,-0.115677982568741,-0.662503004074097,1.13135388346564e-06,46875,31250
62,60,2,61,61.0523452758789,0.72995388507843,1,8.56999977258965e-05,-0.115062952041626,-0.402800798416138,1.12053794509848e-06,46875,30273.4375
62,60,2,61,61.0523452758789,0.72995388507843,1.00999999046326,8.48900017444976e-05,-0.114349871873856,-0.148511230945587,1.10027997379802e-06,45898.4375,31250
62,60,2,61,61.0523452758789,0.72995388507843,1.01999998092651,8.41700020828284e-05,-0.113849639892578,0.100422322750092,1.07444293462322e-06,45898.4375,31250
62,58,4,61,60.5164070129395,1.14665627479553,0.980000019073486,8.80399966263212e-05,-0.147563874721527,-1.42697763442993,1.01584146250389e-06,47851.5625,30273.4375
62,58,4,61,60.5164070129395,1.14665627479553,0.990000009536743,8.73099997988902e-05,-0.147598326206207,-1.15782737731934,1.02421518022311e-06,47851.5625,30273.4375
62,58,4,61,60.5164070129395,1.14665627479553,1,8.65900001372211e-05,-0.147849231958389,-0.894595086574554,1.02214437447401e-06,47851.5625,31250
62,58,4,61,60.5164070129395,1.14665627479553,1.00999999046326,8.5865001892671e-05,-0.147600084543228,-0.637128353118896,1.01211446690286e-06,46875,30273.4375
62,58,4,61,60.5164070129395,1.14665627479553,1.01999998092651,8.51700024213642e-05,-0.146428912878036,-0.384883344173431,9.94578272184299e-07,46875,31250
62,58,4,60,60.3609390258789,1.18210756778717,0.980000019073486,8.82099993759766e-05,-0.146600484848022,-1.4133038520813,1.02099090781849e-06,47851.5625,31250
62,58,4,60,60.3609390258789,1.18210756778717,0.990000009536743,8.74600009410642e-05,-0.146427124738693,-1.14358878135681,1.02824719760974e-06,47851.5625,30273.4375
62,58,4,60,60.3609390258789,1.18210756778717,1,8.66900008986704e-05,-0.146558880805969,-0.879815578460693,1.02495448572881e-06,46875,31250
62,58,4,60,60.3609390258789,1.18210756778717,1.00999999046326,8.59799984027632e-05,-0.146185845136642,-0.62184876203537,1.01438877209148e-06,46875,31250
62,58,4,60,60.3609390258789,1.18210756778717,1.01999998092651,8.5259998741094e-05,-0.145005881786346,-0.3692347407341,9.96089511318132e-07,46875,31250
62,58,4,61,60.4453125,1.15023601055145,0.980000019073486,8.82000022102147e-05,-0.150760918855667,-1.41672658920288,9.79457809080486e-07,47851.5625,31250
62,58,4,61,60.4453125,1.15023601055145,0.990000009536743,8.74100005603395e-05,-0.150427609682083,-1.14787292480469,9.90124590316555e-07,46875,31250
62,58,4,61,60.4453125,1.15023601055145,1,8.66300033521838e-05,-0.150301516056061,-0.885130763053894,9.92671971289383e-07,46875,31250
62,58,4,61,60.4453125,1.15023601055145,1.00999999046326,8.58700004755519e-05,-0.14980474114418,-0.628334641456604,9.85855308499595e-07,45898.4375,31250
62,58,4,61,60.4453125,1.15023601055145,1.01999998092651,8.51000004331581e-05,-0.148626834154129,-0.377009034156799,9.73809733295639e-07,45898.4375,31250
62,56,6,61,60.2999992370605,1.39943027496338,0.980000019073486,8.85199988260865e-05,-0.148773998022079,-1.63031613826752,9.97251163425972e-07,48828.125,31250
62,56,6,61,60.2999992370605,1.39943027496338,0.990000009536743,8.78400023793802e-05,-0.148262143135071,-1.35868120193481,1.00882266451663e-06,48828.125,31250
62,56,6,61,60.2999992370605,1.39943027496338,1,8.71800002641976e-05,-0.148426681756973,-1.09294199943542,1.01178352451825e-06,47851.5625,31250
62,56,6,61,60.2999992370605,1.39943027496338,1.00999999046326,8.65900001372211e-05,-0.148636251688004,-0.833042502403259,1.00496527011273e-06,47851.5625,31250
62,56,6,61,60.2999992370605,1.39943027496338,1.01999998092651,8.59150022733957e-05,-0.147934675216675,-0.578730821609497,9.9038879852742e-07,46875,32226.5625
62,56,6,60,60.0523452758789,1.48368585109711,0.980000019073486,8.84249966475181e-05,-0.163194268941879,-1.65072131156921,9.9244107332197e-07,47851.5625,30273.4375
62,56,6,60,60.0523452758789,1.48368585109711,0.990000009536743,8.77850034157746e-05,-0.162027657032013,-1.38025534152985,1.00977899819554e-06,47851.5625,30273.4375
62,56,6,60,60.0523452758789,1.48368585109711,1,8.72099990374409e-05,-0.161117792129517,-1.11587607860565,1.01798070772929e-06,47851.5625,30273.4375
62,56,6,60,60.0523452758789,1.48368585109711,1.00999999046326,8.6519998149015e-05,-0.160485595464706,-0.857429087162018,1.01880232250551e-06,46875,30273.4375
62,56,6,60,60.0523452758789,1.48368585109711,1.01999998092651,8.57699997141026e-05,-0.159347772598267,-0.604639291763306,1.01054251899768e-06,46875,31250
62,56,6,60,60.1984367370605,1.43004643917084,0.980000019073486,8.86650013853796e-05,-0.149212837219238,-1.64106917381287,9.64695686889172e-07,47851.5625,32226.5625
62,56,6,60,60.1984367370605,1.43004643917084,0.990000009536743,8.79400031408295e-05,-0.148161113262177,-1.37043619155884,9.89694626696291e-07,47851.5625,31250
62,56,6,60,60.1984367370605,1.43004643917084,1,8.73199969646521e-05,-0.147202521562576,-1.10567879676819,1.00532884061977e-06,46875,31250
62,56,6,60,60.1984367370605,1.43004643917084,1.00999999046326,8.66400005179457e-05,-0.146516054868698,-0.846650421619415,1.01031366739335e-06,46875,30273.4375
62,56,6,60,60.1984367370605,1.43004643917084,1.01999998092651,8.59049978316762e-05,-0.145755767822266,-0.593190431594849,1.00472038866428e-06,46875,31250
62,54,8,60,60.1593742370605,1.61198782920837,0.980000019073486,8.89700022526085e-05,-0.152495384216309,-1.75083255767822,9.70618089013442e-07,49804.6875,30273.4375
62,54,8,60,60.1593742370605,1.61198782920837,0.990000009536743,8.82599997567013e-05,-0.151628851890564,-1.47730004787445,9.83887957772822e-07,48828.125,31250
62,54,8,60,60.1593742370605,1.61198782920837,1,8.76499980222434e-05,-0.151285767555237,-1.20979988574982,9.88180090644164e-07,48828.125,31250
62,54,8,60,60.1593742370605,1.61198782920837,1.00999999046326,8.6970001575537e-05,-0.15153780579567,-0.948174476623535,9.83950371846731e-07,47851.5625,31250
62,54,8,60,60.1593742370605,1.61198782920837,1.01999998092651,8.62300003063865e-05,-0.151657611131668,-0.692322492599487,9.71044187281223e-07,47851.5625,32226.5625
62,54,8,60,59.9367179870605,1.65468370914459,0.980000019073486,8.84350010892376e-05,-0.175464063882828,-1.74350547790527,9.64484684118361e-07,47851.5625,30273.4375
62,54,8,60,59.9367179870605,1.65468370914459,0.990000009536743,8.79099970916286e-05,-0.173627197742462,-1.47420179843903,9.8846123819385e-07,47851.5625,29296.875
62,54,8,60,59.9367179870605,1.65468370914459,1,8.7200001871679e-05,-0.171851724386215,-1.21106505393982,1.00552188087022e-06,46875,29296.875
62,54,8,60,59.9367179870605,1.65468370914459,1.00999999046326,8.65100009832531e-05,-0.170777350664139,-0.953777074813843,1.01392129181477e-06,46875,29296.875
62,54,8,60,59.9367179870605,1.65468370914459,1.01999998092651,8.58200000948273e-05,-0.169663071632385,-0.705040097236633,1.0125733069799e-06,46875,29296.875
62,54,8,60,60.1085929870605,1.56233656406403,0.980000019073486,8.91000017873012e-05,-0.156198769807816,-1.74732995033264,9.39503536301345e-07,47851.5625,32226.5625
62,54,8,60,60.1085929870605,1.56233656406403,0.990000009536743,8.83699976839125e-05,-0.154592216014862,-1.47757339477539,9.71571807895089e-07,47851.5625,31250
62,54,8,60,60.1085929870605,1.56233656406403,1,8.76150006661192e-05,-0.152891606092453,-1.21370005607605,9.94817810351378e-07,46875,30273.4375
62,54,8,60,60.1085929870605,1.56233656406403,1.00999999046326,8.68799979798496e-05,-0.151789844036102,-0.955427646636963,1.00807551461912e-06,46875,30273.4375
62,54,8,60,60.1085929870605,1.56233656406403,1.01999998092651,8.62000015331432e-05,-0.151080280542374,-0.702561020851135,1.01052603440621e-06,46875,30273.4375
62,52,10,60,60.0703125,1.7754453420639,0.980000019073486,8.95400007721037e-05,-0.15870213508606,-1.82989645004272,9.37501340558811e-07,49804.6875,31250
62,52,10,60,60.0703125,1.7754453420639,0.990000009536743,8.87999995029531e-05,-0.157476305961609,-1.55377626419067,9.53697849581658e-07,49804.6875,31250
62,52,10,60,60.0703125,1.7754453420639,1,8.80099978530779e-05,-0.156613945960999,-1.28383731842041,9.61842374636035e-07,48828.125,31250
62,52,10,60,60.0703125,1.7754453420639,1.00999999046326,8.72099990374409e-05,-0.156659156084061,-1.01986455917358,9.62080662247899e-07,48828.125,32226.5625
62,52,10,60,60.0703125,1.7754453420639,1.01999998092651,8.66100017447025e-05,-0.157128691673279,-0.761744856834412,9.53897142608184e-07,47851.5625,32226.5625
62,53,9,60,59.9164047241211,1.69210457801819,0.980000019073486,8.84999972186051e-05,-0.17785656452179,-1.7737512588501,9.60782244874281e-07,47851.5625,30273.4375
62,53,9,60,59.9164047241211,1.69210457801819,0.990000009536743,8.78999999258667e-05,-0.175987482070923,-1.50459122657776,9.858260909823e-07,46875,29296.875
62,53,9,60,59.9164047241211,1.69210457801819,1,8.72399978106841e-05,-0.17410546541214,-1.24159049987793,1.00415468295978e-06,46875,29296.875
62,53,9,60,59.9164047241211,1.69210457801819,1.00999999046326,8.6519998149015e-05,-0.17291322350502,-0.984447121620178,1.01367504612426e-06,46875,29296.875
62,53,9,60,59.9164047241211,1.69210457801819,1.01999998092651,8.58700004755519e-05,-0.171798765659332,-0.735933721065521,1.0135024695046e-06,46875,28320.3125
62,52,10,60,60.046875,1.6733170747757,0.980000019073486,8.93699980224483e-05,-0.168856590986252,-1.82562398910522,9.06477225726121e-07,47851.5625,31250
62,52,10,60,60.046875,1.6733170747757,0.990000009536743,8.86199995875359e-05,-0.167021781206131,-1.55564403533936,9.43181078127964e-07,47851.5625,31250
62,52,10,60,60.046875,1.6733170747757,1,8.78900027601048e-05,-0.164789646863937,-1.29162430763245,9.72262682807923e-07,46875,30273.4375
62,52,10,60,60.046875,1.6733170747757,1.00999999046326,8.71700030984357e-05,-0.163126677274704,-1.03326821327209,9.92065565696976e-07,46875,29296.875
62,52,10,60,60.046875,1.6733170747757,1.01999998092651,8.6519998149015e-05,-0.162029236555099,-0.780219793319702,1.00174213457649e-06,46875,29296.875
62,52,10,60,60.0703125,1.7754453420639,0.980000019073486,8.95400007721037e-05,-0.15870213508606,-1.82989645004272,9.37501340558811e-07,49804.6875,31250
62,52,10,60,60.0703125,1.7754453420639,0.990000009536743,8.87999995029531e-05,-0.157476305961609,-1.55377626419067,9.53697849581658e-07,49804.6875,31250
62,52,10,60,60.0703125,1.7754453420639,1,8.80099978530779e-05,-0.156613945960999,-1.28383731842041,9.61842374636035e-07,48828.125,31250
62,52,10,60,60.0703125,1.7754453420639,1.00999999046326,8.72099990374409e-05,-0.156659156084061,-1.01986455917358,9.62080662247899e-07,48828.125,32226.5625
62,52,10,60,60.0703125,1.7754453420639,1.01999998092651,8.66100017447025e-05,-0.157128691673279,-0.761744856834412,9.53897142608184e-07,47851.5625,32226.5625
62,53,9,60,59.9164047241211,1.69210457801819,0.980000019073486,8.84999972186051e-05,-0.17785656452179,-1.7737512588501,9.60782244874281e-07,47851.5625,30273.4375
62,53,9,60,59.9164047241211,1.69210457801819,0.990000009536743,8.78999999258667e-05,-0.175987482070923,-1.50459122657776,9.858260909823e-07,46875,29296.875
62,53,9,60,59.9164047241211,1.69210457801819,1,8.72399978106841e-05,-0.17410546541214,-1.24159049987793,1.00415468295978e-06,46875,29296.875
62,53,9,60,59.9164047241211,1.69210457801819,1.00999999046326,8.6519998149015e-05,-0.17291322350502,-0.984447121620178,1.01367504612426e-06,46875,29296.875
62,53,9,60,59.9164047241211,1.69210457801819,1.01999998092651,8.58700004755519e-05,-0.171798765659332,-0.735933721065521,1.0135024695046e-06,46875,28320.3125
62,51,11,60,60.0304679870605,1.70539581775665,0.980000019073486,8.94800032256171e-05,-0.173004150390625,-1.83959770202637,8.94861614142428e-07,47851.5625,31250
62,51,11,60,60.0304679870605,1.70539581775665,0.990000009536743,8.87900023371913e-05,-0.171000272035599,-1.56965136528015,9.34345564473915e-07,46875,30273.4375
62,51,11,60,60.0304679870605,1.70539581775665,1,8.80399966263212e-05,-0.168495684862137,-1.30569815635681,9.66262177826138e-07,46875,30273.4375
62,51,11,60,60.0304679870605,1.70539581775665,1.00999999046326,8.73099997988902e-05,-0.166498243808746,-1.04743564128876,9.89092086456367e-07,46875,29296.875
62,51,11,60,60.0304679870605,1.70539581775665,1.01999998092651,8.67100025061518e-05,-0.165039271116257,-0.794452726840973,1.00204272257542e-06,46875,30273.4375
63,63,0,63,63,0,0.980000019073486,8.66449991008267e-05,-0.0794509649276733,-0.375048816204071,1.20393838187738e-06,47851.5625,32226.5625
63,63,0,63,63,0,0.990000009536743,8.5865001892671e-05,-0.0794234573841095,-0.110708057880402,1.19206652016146e-06,46875,31250
63,63,0,63,63,0,1,8.50549986353144e-05,-0.0790510177612305,0.14765390753746,1.17179206426954e-06,46875,32226.5625
63,63,0,63,63,0,1.00999999046326,8.43849993543699e-05,-0.0777638852596283,0.400496482849121,1.14674674023263e-06,45898.4375,31250
63,63,0,63,63,0,1.01999998092651,8.36649996927008e-05,-0.0764093995094299,0.648099422454834,1.11752649445407e-06,44921.875,31250
63,61,2,62,62.0515632629395,0.748517870903015,0.980000019073486,8.7120002717711e-05,-0.111895948648453,-0.703981399536133,1.12063332835532e-06,47851.5625,31250
63,61,2,62,62.0515632629395,0.748517870903015,0.990000009536743,8.63000022945926e-05,-0.11122739315033,-0.439208626747131,1.11588497020421e-06,46875,31250
63,61,2,62,62.0515632629395,0.748517870903015,1,8.54199970490299e-05,-0.110755562782288,-0.180207073688507,1.10277653675439e-06,46875,31250
63,61,2,62,62.0515632629395,0.748517870903015,1.00999999046326,8.46600014483556e-05,-0.11030837893486,0.0730516463518143,1.08332983472792e-06,45898.4375,31250
63,61,2,62,62.0515632629395,0.748517870903015,1.01999998092651,8.41150031192228e-05,-0.109318017959595,0.321027159690857,1.0587910992399e-06,44921.875,31250
63,61,2,62,62.0601577758789,0.732560038566589,0.980000019073486,8.70700023369864e-05,-0.117071807384491,-0.706084370613098,1.09777806756028e-06,47851.5625,31250
63,61,2,62,62.0601577758789,0.732560038566589,0.990000009536743,8.62500019138679e-05,-0.116438448429108,-0.442081272602081,1.0941358823402e-06,46875,31250
63,61,2,62,62.0601577758789,0.732560038566589,1,8.53750025271438e-05,-0.115975826978683,-0.183865398168564,1.08187839487073e-06,46875,31250
63,61,2,62,62.0601577758789,0.732560038566589,1.00999999046326,8.460500248475e-05,-0.115570366382599,0.0686077624559402,1.06401705579628e-06,45898.4375,31250
63,61,2,62,62.0601577758789,0.732560038566589,1.01999998092651,8.40349966892973e-05,-0.114728331565857,0.315848290920258,1.04125456346083e-06,44921.875,31250
63,61,2,62,62.0031242370605,0.73979240655899,0.980000019073486,8.71000011102296e-05,-0.11469978094101,-0.690161466598511,1.11253473278339e-06,47851.5625,31250
63,61,2,62,62.0031242370605,0.73979240655899,0.990000009536743,8.63000022945926e-05,-0.113935053348541,-0.425921559333801,1.10940334252518e-06,46875,31250
63,61,2,62,62.0031242370605,0.73979240655899,1,8.54399986565113e-05,-0.113335579633713,-0.167451038956642,1.09736470221833e-06,46875,31250
63,61,2,62,62.0031242370605,0.73979240655899,1.00999999046326,8.46499970066361e-05,-0.112719029188156,0.0852905139327049,1.07875166577287e-06,45898.4375,31250
63,61,2,62,62.0031242370605,0.73979240655899,1.01999998092651,8.41250002849847e-05,-0.111555546522141,0.332827299833298,1.05461447219568e-06,44921.875,31250
63,59,4,62,61.4546890258789,1.16549694538116,0.980000019073486,8.77400016179308e-05,-0.151922017335892,-1.1504784822464,9.82490064416197e-07,46875,31250
63,59,4,62,61.4546890258789,1.16549694538116,0.990000009536743,8.69299983605742e-05,-0.151495426893234,-0.88414591550827,9.92311925074318e-07,46875,30273.4375
63,59,4,62,61.4546890258789,1.16549694538116,1,8.61649969010614e-05,-0.150996088981628,-0.623860538005829,9.92817604128504e-07,46875,30273.4375
63,59,4,62,61.4546890258789,1.16549694538116,1.00999999046326,8.54699974297546e-05,-0.150048285722733,-0.369180619716644,9.86446707429423e-07,45898.4375,30273.4375
63,59,4,62,61.4546890258789,1.16549694538116,1.01999998092651,8.47900009830482e-05,-0.148859560489655,-0.119828052818775,9.73432292994403e-07,45898.4375,30273.4375
63,59,4,61,61.3460922241211,1.19475018978119,0.980000019073486,8.76600024639629e-05,-0.14759635925293,-1.20807278156281,9.90857643046184e-07,47851.5625,30273.4375
63,59,4,61,61.3460922241211,1.19475018978119,0.990000009536743,8.69099967530929e-05,-0.148043811321259,-0.940625190734863,9.94315655589162e-07,47851.5625,31250
63,59,4,61,61.3460922241211,1.19475018978119,1,8.63000022945926e-05,-0.148252934217453,-0.679376482963562,9.90156991065305e-07,46875,31250
63,59,4,61,61.3460922241211,1.19475018978119,1.00999999046326,8.56300030136481e-05,-0.147504448890686,-0.42387455701828,9.7826853107108e-07,46875,31250
63,59,4,61,61.3460922241211,1.19475018978119,1.01999998092651,8.48499985295348e-05,-0.146347999572754,-0.173696666955948,9.61291902967787e-07,45898.4375,31250
63,59,4,61,61.2859382629395,1.17816555500031,0.980000019073486,8.79099970916286e-05,-0.143041700124741,-1.23144996166229,1.03837464848766e-06,47851.5625,30273.4375
63,59,4,61,61.2859382629395,1.17816555500031,0.990000009536743,8.72500022524036e-05,-0.142666816711426,-0.964410066604614,1.04978380477405e-06,46875,30273.4375
63,59,4,61,61.2859382629395,1.17816555500031,1,8.66650007083081e-05,-0.141923516988754,-0.703306078910828,1.05236733816128e-06,46875,30273.4375
63,59,4,61,61.2859382629395,1.17816555500031,1.00999999046326,8.59599967952818e-05,-0.140566498041153,-0.447669148445129,1.0455787560204e-06,46875,31250
63,59,4,61,61.2859382629395,1.17816555500031,1.01999998092651,8.510999759892e-05,-0.139088571071625,-0.197031557559967,1.03119577943289e-06,45898.4375,30273.4375
63,57,6,61,61.1781234741211,1.46829605102539,0.980000019073486,8.76400008564815e-05,-0.155704855918884,-1.35999321937561,9.64443643169943e-07,46875,31250
63,57,6,61,61.1781234741211,1.46829605102539,0.990000009536743,8.68799979798496e-05,-0.156054526567459,-1.09322142601013,9.72228122009255e-07,46875,31250
63,57,6,61,61.1781234741211,1.46829605102539,1,8.62399974721484e-05,-0.156171143054962,-0.832533359527588,9.709106052469e-07,45898.4375,30273.4375
63,57,6,61,61.1781234741211,1.46829605102539,1.00999999046326,8.55999969644472e-05,-0.155372112989426,-0.577664613723755,9.63452407631848e-07,45898.4375,31250
63,57,6,61,61.1781234741211,1.46829605102539,1.01999998092651,8.48100025905296e-05,-0.153921395540237,-0.328195989131927,9.50708340496931e-07,44921.875,30273.4375
63,57,6,61,61.0367202758789,1.52161240577698,0.980000019073486,8.81800006027333e-05,-0.152744621038437,-1.46083378791809,9.78975435828033e-07,48828.125,31250
63,57,6,61,61.0367202758789,1.52161240577698,0.990000009536743,8.74300021678209e-05,-0.153794229030609,-1.19043970108032,9.80202685241238e-07,47851.5625,31250
63,57,6,61,61.0367202758789,1.52161240577698,1,8.66799964569509e-05,-0.155080586671829,-0.926405429840088,9.73699457063049e-07,46875,31250
63,57,6,61,61.0367202758789,1.52161240577698,1.00999999046326,8.59950014273636e-05,-0.155550271272659,-0.668630361557007,9.61499495133467e-07,46875,32226.5625
63,57,6,61,61.0367202758789,1.52161240577698,1.01999998092651,8.52700031828135e-05,-0.154784381389618,-0.416502594947815,9.46170189308759e-07,45898.4375,33203.125
63,57,6,61,60.9421882629395,1.50311684608459,0.980000019073486,8.83500033523887e-05,-0.139158368110657,-1.50737690925598,1.04188814020745e-06,48828.125,31250
63,57,6,61,60.9421882629395,1.50311684608459,0.990000009536743,8.75800033099949e-05,-0.139527082443237,-1.23118543624878,1.04941477729881e-06,48828.125,31250
63,57,6,61,60.9421882629395,1.50311684608459,1,8.68599963723682e-05,-0.140315234661102,-0.965787768363953,1.04794980870793e-06,47851.5625,31250
63,57,6,61,60.9421882629395,1.50311684608459,1.00999999046326,8.61099979374558e-05,-0.140741407871246,-0.706184983253479,1.03598063105892e-06,47851.5625,31250
63,57,6,61,60.9421882629395,1.50311684608459,1.01999998092651,8.53699966683052e-05,-0.140246391296387,-0.451975524425507,1.01680393527204e-06,46875,32226.5625
63,55,8,61,61.0734367370605,1.63739931583405,0.980000019073486,8.7350003013853e-05,-0.158684849739075,-1.45351576805115,9.52452467117837e-07,46875,31250
63,55,8,61,61.0734367370605,1.63739931583405,0.990000009536743,8.65100009832531e-05,-0.1595259308815,-1.18775677680969,9.5585585313529e-07,46875,30273.4375
63,55,8,61,61.0734367370605,1.63739931583405,1,8.5790001321584e-05,-0.160523563623428,-0.928140044212341,9.52369930473651e-07,45898.4375,31250
63,55,8,61,61.0734367370605,1.63739931583405,1.00999999046326,8.51399963721633e-05,-0.160616159439087,-0.674510717391968,9.41822861477704e-07,45898.4375,30273.4375
63,55,8,61,61.0734367370605,1.63739931583405,1.01999998092651,8.44800015329383e-05,-0.159365355968475,-0.42635577917099,9.29656778225763e-07,44921.875,31250
63,55,8,61,60.94921875,1.66875791549683,0.980000019073486,8.8380002125632e-05,-0.151535212993622,-1.54438161849976,9.85858491731051e-07,48828.125,31250
63,55,8,61,60.94921875,1.66875791549683,0.990000009536743,8.76199992490001e-05,-0.152369022369385,-1.27363181114197,9.90405396805727e-07,47851.5625,30273.4375
63,55,8,61,60.94921875,1.66875791549683,1,8.69299983605742e-05,-0.153782159090042,-1.00908279418945,9.86727968665946e-07,47851.5625,31250
63,55,8,61,60.94921875,1.66875791549683,1.00999999046326,8.63199966261163e-05,-0.154514729976654,-0.750747442245483,9.76666569840745e-07,46875,32226.5625
63,55,8,61,60.94921875,1.66875791549683,1.01999998092651,8.55499965837225e-05,-0.153814911842346,-0.498105406761169,9.61699015533668e-07,45898.4375,33203.125
63,55,8,61,60.8421859741211,1.64953660964966,0.980000019073486,8.88450013007969e-05,-0.1427141726017,-1.59975075721741,1.0354058304074e-06,48828.125,31250
63,55,8,61,60.8421859741211,1.64953660964966,0.990000009536743,8.80700026755221e-05,-0.14247915148735,-1.32551670074463,1.05159176655434e-06,48828.125,31250
63,55,8,61,60.8421859741211,1.64953660964966,1,8.73600001796149e-05,-0.142805010080338,-1.05401992797852,1.05741969491646e-06,47851.5625,30273.4375
63,55,8,61,60.8421859741211,1.64953660964966,1.00999999046326,8.67100025061518e-05,-0.143146842718124,-0.792865633964539,1.0538827837081e-06,47851.5625,31250
63,55,8,61,60.8421859741211,1.64953660964966,1.01999998092651,8.60700019984506e-05,-0.142754316329956,-0.537248134613037,1.04052310234692e-06,47851.5625,31250
63,53,10,61,61.0289077758789,1.74216222763062,0.980000019073486,8.71599986567162e-05,-0.15919104218483,-1.49625563621521,9.42468489029125e-07,46875,31250
63,53,10,61,61.0289077758789,1.74216222763062,0.990000009536743,8.62700035213493e-05,-0.160023152828217,-1.23125171661377,9.40162010465428e-07,46875,31250
63,53,10,61,61.0289077758789,1.74216222763062,1,8.53500023367815e-05,-0.161152124404907,-0.972281098365784,9.31860824948672e-07,45898.4375,31250
63,53,10,61,61.0289077758789,1.74216222763062,1.00999999046326,8.46249968162738e-05,-0.161752432584763,-0.719279408454895,9.17439649583685e-07,44921.875,31250
63,53,10,61,61.0289077758789,1.74216222763062,1.01999998092651,8.40400025481358e-05,-0.16118136048317,-0.471781134605408,9.00748432286491e-07,43945.3125,31250
63,53,10,61,60.9226570129395,1.72896564006805,0.980000019073486,8.85100016603246e-05,-0.152915000915527,-1.58186256885529,9.93456410469662e-07,48828.125,30273.4375
63,53,10,61,60.9226570129395,1.72896564006805,0.990000009536743,8.78299979376607e-05,-0.153249204158783,-1.31256520748138,1.00449813089654e-06,47851.5625,30273.4375
63,53,10,61,60.9226570129395,1.72896564006805,1,8.71700030984357e-05,-0.15421125292778,-1.04935133457184,1.00686872883671e-06,46875,31250
63,53,10,61,60.9226570129395,1.72896564006805,1.00999999046326,8.66100017447025e-05,-0.154605269432068,-0.79225105047226,1.00254681001388e-06,46875,31250
63,53,10,61,60.9226570129395,1.72896564006805,1.01999998092651,8.59299980220385e-05,-0.153602957725525,-0.540917277336121,9.91639922176546e-07,45898.4375,31250
63,53,10,61,60.7898445129395,1.75078845024109,0.980000019073486,8.92199968802743e-05,-0.151040107011795,-1.65694832801819,1.00014824511163e-06,48828.125,31250
63,53,10,61,60.7898445129395,1.75078845024109,0.990000009536743,8.84249966475181e-05,-0.150460749864578,-1.38173651695251,1.023370373332e-06,48828.125,31250
63,53,10,61,60.7898445129395,1.75078845024109,1,8.77900019986555e-05,-0.150194525718689,-1.11263346672058,1.03732099887566e-06,47851.5625,30273.4375
63,53,10,61,60.7898445129395,1.75078845024109,1.00999999046326,8.71500014909543e-05,-0.15001580119133,-0.846643447875977,1.04260504940612e-06,47851.5625,31250
63,53,10,61,60.7898445129395,1.75078845024109,1.01999998092651,8.65499969222583e-05,-0.149279475212097,-0.590429067611694,1.03790739558463e-06,47851.5625,30273.4375
63,52,11,61,61.0171890258789,1.77367198467255,0.980000019073486,8.70799995027483e-05,-0.159450471401215,-1.50573563575745,9.35380967348465e-07,46875,31250
63,52,11,61,61.0171890258789,1.77367198467255,0.990000009536743,8.62000015331432e-05,-0.160258233547211,-1.24098134040833,9.30845544644399e-07,46875,31250
63,52,11,61,61.0171890258789,1.77367198467255,1,8.5259998741094e-05,-0.161356538534164,-0.982236623764038,9.20667446280277e-07,45898.4375,31250
63,52,11,61,61.0171890258789,1.77367198467255,1.00999999046326,8.44300011522137e-05,-0.162020951509476,-0.729463577270508,9.04755665942503e-07,44921.875,31250
63,52,11,61,61.0171890258789,1.77367198467255,1.01999998092651,8.38400010252371e-05,-0.161731004714966,-0.482229948043823,8.8702154243947e-07,43945.3125,32226.5625
63,53,10,61,60.9226570129395,1.72896564006805,0.980000019073486,8.85100016603246e-05,-0.152915000915527,-1.58186256885529,9.93456410469662e-07,48828.125,30273.4375
63,53,10,61,60.9226570129395,1.72896564006805,0.990000009536743,8.78299979376607e-05,-0.153249204158783,-1.31256520748138,1.00449813089654e-06,47851.5625,30273.4375
63,53,10,61,60.9226570129395,1.72896564006805,1,8.71700030984357e-05,-0.15421125292778,-1.04935133457184,1.00686872883671e-06,46875,31250
63,53,10,61,60.9226570129395,1.72896564006805,1.00999999046326,8.66100017447025e-05,-0.154605269432068,-0.79225105047226,1.00254681001388e-06,46875,31250
63,53,10,61,60.9226570129395,1.72896564006805,1.01999998092651,8.59299980220385e-05,-0.153602957725525,-0.540917277336121,9.91639922176546e-07,45898.4375,31250
63,53,10,61,60.7898445129395,1.75078845024109,0.980000019073486,8.92199968802743e-05,-0.151040107011795,-1.65694832801819,1.00014824511163e-06,48828.125,31250
63,53,10,61,60.7898445129395,1.75078845024109,0.990000009536743,8.84249966475181e-05,-0.150460749864578,-1.38173651695251,1.023370373332e-06,48828.125,31250
63,53,10,61,60.7898445129395,1.75078845024109,1,8.77900019986555e-05,-0.150194525718689,-1.11263346672058,1.03732099887566e-06,47851.5625,30273.4375
63,53,10,61,60.7898445129395,1.75078845024109,1.00999999046326,8.71500014909543e-05,-0.15001580119133,-0.846643447875977,1.04260504940612e-06,47851.5625,31250
63,53,10,61,60.7898445129395,1.75078845024109,1.01999998092651,8.65499969222583e-05,-0.149279475212097,-0.590429067611694,1.03790739558463e-06,47851.5625,30273.4375
64,64,0,64,64,0,0.980000019073486,8.63050008774735e-05,-0.0738712251186371,-0.155735909938812,1.18138882498897e-06,47851.5625,32226.5625
64,64,0,64,64,0,0.990000009536743,8.54550016811118e-05,-0.0745317339897156,0.108110591769218,1.16367993996391e-06,46875,32226.5625
64,64,0,64,64,0,1,8.47249975777231e-05,-0.0740699172019958,0.366125553846359,1.13961641545757e-06,46875,32226.5625
64,64,0,64,64,0,1.00999999046326,8.41150031192228e-05,-0.0728819668292999,0.618679225444794,1.11252643364423e-06,45898.4375,32226.5625
64,64,0,64,64,0,1.01999998092651,8.34149977890775e-05,-0.0730762183666229,0.865426182746887,1.08171877855057e-06,44921.875,32226.5625
64,62,2,63,63.0539054870605,0.738360524177551,0.980000019073486,8.67049966473132e-05,-0.104896575212479,-0.482550740242004,1.10354289972747e-06,47851.5625,32226.5625
64,62,2,63,63.0539054870605,0.738360524177551,0.990000009536743,8.59549982124008e-05,-0.104610621929169,-0.218345999717712,1.09280392734945e-06,46875,31250
64,62,2,63,63.0539054870605,0.738360524177551,1,8.51250006235205e-05,-0.104300379753113,0.0398992449045181,1.07381458747113e-06,46875,32226.5625
64,62,2,63,63.0539054870605,0.738360524177551,1.00999999046326,8.44449969008565e-05,-0.103430390357971,0.292484760284424,1.05091919522238e-06,45898.4375,31250
64,62,2,63,63.0539054870605,0.738360524177551,1.01999998092651,8.37850020616315e-05,-0.102049797773361,0.539905369281769,1.02509659427596e-06,44921.875,32226.5625
64,62,2,63,63.01171875,0.73066645860672,0.980000019073486,8.66249974933453e-05,-0.105461210012436,-0.474676728248596,1.10185908397398e-06,47851.5625,31250
64,62,2,63,63.01171875,0.73066645860672,0.990000009536743,8.58549974509515e-05,-0.105143308639526,-0.210714191198349,1.09217853605514e-06,46875,31250
64,62,2,63,63.01171875,0.73066645860672,1,8.50900032673962e-05,-0.104810297489166,0.0472316741943359,1.074419969882e-06,45898.4375,32226.5625
64,62,2,63,63.01171875,0.73066645860672,1.00999999046326,8.43750021886081e-05,-0.103966683149338,0.299478948116302,1.05234562397527e-06,45898.4375,31250
64,62,2,63,63.01171875,0.73066645860672,1.01999998092651,8.37150000734255e-05,-0.102665960788727,0.546505928039551,1.02789749689691e-06,44921.875,32226.5625
64,62,2,63,63.0484390258789,0.728615880012512,0.980000019073486,8.66850023157895e-05,-0.10381418466568,-0.485556781291962,1.10041787593218e-06,47851.5625,31250
64,62,2,63,63.0484390258789,0.728615880012512,0.990000009536743,8.58950006659143e-05,-0.103464990854263,-0.221511512994766,1.09067013909225e-06,46875,31250
64,62,2,63,63.0484390258789,0.728615880012512,1,8.51299992064014e-05,-0.103182792663574,0.0365435779094696,1.07332016341388e-06,45898.4375,32226.5625
64,62,2,63,63.0484390258789,0.728615880012512,1.00999999046326,8.44349997350946e-05,-0.102337419986725,0.288887947797775,1.05135279682145e-06,45898.4375,31250
64,62,2,63,63.0484390258789,0.728615880012512,1.01999998092651,8.37550032883883e-05,-0.101043850183487,0.536004424095154,1.02803733170731e-06,44921.875,32226.5625
64,60,4,63,62.4421882629395,1.18094122409821,0.980000019073486,8.74800025485456e-05,-0.146429896354675,-0.933490872383118,9.91909359981946e-07,47851.5625,31250
64,60,4,63,62.4421882629395,1.18094122409821,0.990000009536743,8.68599963723682e-05,-0.145676881074905,-0.668233513832092,9.98764562609722e-07,46875,30273.4375
64,60,4,63,62.4421882629395,1.18094122409821,1,8.60549989738502e-05,-0.144664824008942,-0.408775985240936,9.96504695649492e-07,46875,30273.4375
64,60,4,63,62.4421882629395,1.18094122409821,1.00999999046326,8.52200028020889e-05,-0.143741816282272,-0.154688060283661,9.85288806987228e-07,45898.4375,30273.4375
64,60,4,63,62.4421882629395,1.18094122409821,1.01999998092651,8.44599999254569e-05,-0.142822831869125,0.0941066741943359,9.67226355896855e-07,45898.4375,30273.4375
64,60,4,62,62.34375,1.18128156661987,0.980000019073486,8.7629996414762e-05,-0.132963508367538,-0.955121874809265,1.03583670352236e-06,47851.5625,30273.4375
64,60,4,62,62.34375,1.18128156661987,0.990000009536743,8.69200011948124e-05,-0.132312178611755,-0.688829064369202,1.04169544101751e-06,46875,31250
64,60,4,62,62.34375,1.18128156661987,1,8.61500011524186e-05,-0.131494402885437,-0.428432285785675,1.03902323189686e-06,46875,30273.4375
64,60,4,62,62.34375,1.18128156661987,1.00999999046326,8.53000019560568e-05,-0.13074141740799,-0.173536330461502,1.02738840723759e-06,46875,31250
64,60,4,62,62.34375,1.18128156661987,1.01999998092651,8.45050017233007e-05,-0.130042761564255,0.0759310573339462,1.0092095408254e-06,45898.4375,30273.4375
64,60,4,63,62.4507827758789,1.16466724872589,0.980000019073486,8.7549997260794e-05,-0.144484907388687,-0.944256961345673,9.73388978309231e-07,47851.5625,31250
64,60,4,63,62.4507827758789,1.16466724872589,0.990000009536743,8.68700008140877e-05,-0.143669545650482,-0.678803205490112,9.77770127974509e-07,46875,31250
64,60,4,63,62.4507827758789,1.16466724872589,1,8.6090003605932e-05,-0.142534703016281,-0.419258892536163,9.74071667769749e-07,46875,31250
64,60,4,63,62.4507827758789,1.16466724872589,1.00999999046326,8.52099983603694e-05,-0.141510128974915,-0.165270149707794,9.63582351687364e-07,45898.4375,31250
64,60,4,63,62.4507827758789,1.16466724872589,1.01999998092651,8.44750029500574e-05,-0.140548646450043,0.0832267478108406,9.46266084156377e-07,45898.4375,31250
64,58,6,62,62.1773452758789,1.46385776996613,0.980000019073486,8.81450032466091e-05,-0.147994577884674,-1.14766693115234,9.98358132164867e-07,47851.5625,30273.4375
64,58,6,62,62.1773452758789,1.46385776996613,0.990000009536743,8.74300021678209e-05,-0.147005200386047,-0.877796173095703,1.01904606708558e-06,47851.5625,29296.875
64,58,6,62,62.1773452758789,1.46385776996613,1,8.6820000433363e-05,-0.145823776721954,-0.613852381706238,1.02851117844693e-06,47851.5625,30273.4375
64,58,6,62,62.1773452758789,1.46385776996613,1.00999999046326,8.60750005813316e-05,-0.144407510757446,-0.355289459228516,1.02772401078255e-06,47851.5625,30273.4375
64,58,6,62,62.1773452758789,1.46385776996613,1.01999998092651,8.52849989314564e-05,-0.143132716417313,-0.101533830165863,1.01578814337699e-06,47851.5625,30273.4375
64,58,6,62,62.015625,1.51554048061371,0.980000019073486,8.80450024851598e-05,-0.140613555908203,-1.17524480819702,1.01200112112565e-06,47851.5625,30273.4375
64,58,6,62,62.015625,1.51554048061371,0.990000009536743,8.73300014063716e-05,-0.140146613121033,-0.906957268714905,1.02608294128004e-06,46875,31250
64,58,6,62,62.015625,1.51554048061371,1,8.65900001372211e-05,-0.139640390872955,-0.644688725471497,1.03093975667434e-06,46875,30273.4375
64,58,6,62,62.015625,1.51554048061371,1.00999999046326,8.57699997141026e-05,-0.138998031616211,-0.388091862201691,1.02666444945498e-06,46875,30273.4375
64,58,6,62,62.015625,1.51554048061371,1.01999998092651,8.49999996717088e-05,-0.138366013765335,-0.136826395988464,1.01427599474846e-06,45898.4375,30273.4375
64,58,6,62,62.1570320129395,1.46830916404724,0.980000019073486,8.78200007718988e-05,-0.142736524343491,-1.18203091621399,9.81747348305362e-07,47851.5625,31250
64,58,6,62,62.1570320129395,1.46830916404724,0.990000009536743,8.71500014909543e-05,-0.14239490032196,-0.915068447589874,9.90643002296565e-07,47851.5625,31250
64,58,6,62,62.1570320129395,1.46830916404724,1,8.64800022100098e-05,-0.141872018575668,-0.654091835021973,9.90678813650447e-07,46875,30273.4375
64,58,6,62,62.1570320129395,1.46830916404724,1.00999999046326,8.57199993333779e-05,-0.140825390815735,-0.39867028594017,9.81556013357476e-07,46875,31250
64,58,6,62,62.1570320129395,1.46830916404724,1.01999998092651,8.48900017444976e-05,-0.139655143022537,-0.148371368646622,9.63260845310288e-07,46875,31250
64,56,8,62,62.0914077758789,1.57688176631927,0.980000019073486,8.83999964571558e-05,-0.149413853883743,-1.20550751686096,9.97083134279819e-07,47851.5625,30273.4375
64,56,8,62,62.0914077758789,1.57688176631927,0.990000009536743,8.76600024639629e-05,-0.148041486740112,-0.935027360916138,1.02085107300809e-06,47851.5625,29296.875
64,56,8,62,62.0914077758789,1.57688176631927,1,8.70400035637431e-05,-0.146713316440582,-0.670420944690704,1.03327272427123e-06,47851.5625,30273.4375
64,56,8,62,62.0914077758789,1.57688176631927,1.00999999046326,8.63000022945926e-05,-0.145207315683365,-0.411244332790375,1.03514571492269e-06,47851.5625,30273.4375
64,56,8,62,62.0914077758789,1.57688176631927,1.01999998092651,8.55350008350797e-05,-0.143815070390701,-0.156791687011719,1.02605349638907e-06,47851.5625,30273.4375
64,56,8,62,61.9375,1.63450860977173,0.980000019073486,8.84100008988753e-05,-0.137892574071884,-1.25182318687439,1.01668513252662e-06,47851.5625,31250
64,56,8,62,61.9375,1.63450860977173,0.990000009536743,8.76400008564815e-05,-0.137370944023132,-0.981624245643616,1.03522256722499e-06,46875,31250
64,56,8,62,61.9375,1.63450860977173,1,8.68900024215691e-05,-0.136930823326111,-0.71741795539856,1.04462355920987e-06,46875,31250
64,56,8,62,61.9375,1.63450860977173,1.00999999046326,8.61799999256618e-05,-0.136408507823944,-0.458987414836884,1.04460832517361e-06,46875,30273.4375
64,56,8,62,61.9375,1.63450860977173,1.01999998092651,8.54199970490299e-05,-0.135758757591248,-0.206028163433075,1.03618174307485e-06,45898.4375,30273.4375
64,56,8,62,62.02734375,1.66790115833282,0.980000019073486,8.80549996509217e-05,-0.139464378356934,-1.31644988059998,9.92601940197346e-07,47851.5625,30273.4375
64,56,8,62,62.02734375,1.66790115833282,0.990000009536743,8.72599994181655e-05,-0.138831168413162,-1.04703283309937,1.0069289828607e-06,47851.5625,31250
64,56,8,62,62.02734375,1.66790115833282,1,8.65399997564964e-05,-0.13869971036911,-0.782031238079071,1.01040438948985e-06,47851.5625,30273.4375
64,56,8,62,62.02734375,1.66790115833282,1.00999999046326,8.58200000948273e-05,-0.138268232345581,-0.525541663169861,1.00402189673332e-06,46875,30273.4375
64,56,8,62,62.02734375,1.66790115833282,1.01999998092651,8.50099968374707e-05,-0.137309610843658,-0.274106949567795,9.88336068985518e-07,46875,31250
64,55,9,62,62.0804672241211,1.59718084335327,0.980000019073486,8.83000029716641e-05,-0.149446815252304,-1.2154016494751,1.00215424936323e-06,47851.5625,30273.4375
64,55,9,62,62.0804672241211,1.59718084335327,0.990000009536743,8.75900004757568e-05,-0.148115813732147,-0.945135116577148,1.02529043033428e-06,47851.5625,29296.875
64,55,9,62,62.0804672241211,1.59718084335327,1,8.69400028022937e-05,-0.146869421005249,-0.680724561214447,1.03707418475096e-06,47851.5625,29296.875
64,55,9,62,62.0804672241211,1.59718084335327,1.00999999046326,8.62450033309869e-05,-0.145401895046234,-0.421722888946533,1.03830313946673e-06,47851.5625,30273.4375
64,55,9,62,62.0804672241211,1.59718084335327,1.01999998092651,8.54600002639927e-05,-0.143979668617249,-0.167410850524902,1.0285915550412e-06,47851.5625,29296.875
64,54,10,62,61.9054679870605,1.69890773296356,0.980000019073486,8.87150017661043e-05,-0.137142837047577,-1.27898383140564,1.00585987183877e-06,47851.5625,31250
64,54,10,62,61.9054679870605,1.69890773296356,0.990000009536743,8.78900027601048e-05,-0.136399507522583,-1.00802576541901,1.02927958778309e-06,46875,31250
64,54,10,62,61.9054679870605,1.69890773296356,1,8.71800002641976e-05,-0.13570898771286,-0.742976307868958,1.04266928246943e-06,46875,31250
64,54,10,62,61.9054679870605,1.69890773296356,1.00999999046326,8.65100009832531e-05,-0.134903699159622,-0.483690559864044,1.04593743799342e-06,46875,30273.4375
64,54,10,62,61.9054679870605,1.69890773296356,1.01999998092651,8.57449995237403e-05,-0.13401797413826,-0.229898035526276,1.0398497352071e-06,46875,30273.4375
64,54,10,62,62.0078125,1.71274065971375,0.980000019073486,8.8079999841284e-05,-0.14269295334816,-1.34080100059509,9.85212750492792e-07,47851.5625,30273.4375
64,54,10,62,62.0078125,1.71274065971375,0.990000009536743,8.72899981914088e-05,-0.141700744628906,-1.07170104980469,1.00463341823342e-06,47851.5625,30273.4375
64,54,10,62,62.0078125,1.71274065971375,1,8.65499969222583e-05,-0.141467988491058,-0.808561444282532,1.01332443591673e-06,47851.5625,30273.4375
64,54,10,62,62.0078125,1.71274065971375,1.00999999046326,8.58299972605892e-05,-0.14109343290329,-0.550536632537842,1.01172281574691e-06,46875,30273.4375
64,54,10,62,62.0078125,1.71274065971375,1.01999998092651,8.51000004331581e-05,-0.140091270208359,-0.299274444580078,9.99926555778075e-07,46875,29296.875
64,55,9,62,62.0804672241211,1.59718084335327,0.980000019073486,8.83000029716641e-05,-0.149446815252304,-1.2154016494751,1.00215424936323e-06,47851.5625,30273.4375
64,55,9,62,62.0804672241211,1.59718084335327,0.990000009536743,8.75900004757568e-05,-0.148115813732147,-0.945135116577148,1.02529043033428e-06,47851.5625,29296.875
64,55,9,62,62.0804672241211,1.59718084335327,1,8.69400028022937e-05,-0.146869421005249,-0.680724561214447,1.03707418475096e-06,47851.5625,29296.875
64,55,9,62,62.0804672241211,1.59718084335327,1.00999999046326,8.62450033309869e-05,-0.145401895046234,-0.421722888946533,1.03830313946673e-06,47851.5625,30273.4375
64,55,9,62,62.0804672241211,1.59718084335327,1.01999998092651,8.54600002639927e-05,-0.143979668617249,-0.167410850524902,1.0285915550412e-06,47851.5625,29296.875
64,54,10,62,61.9054679870605,1.69890773296356,0.980000019073486,8.87150017661043e-05,-0.137142837047577,-1.27898383140564,1.00585987183877e-06,47851.5625,31250
64,54,10,62,61.9054679870605,1.69890773296356,0.990000009536743,8.78900027601048e-05,-0.136399507522583,-1.00802576541901,1.02927958778309e-06,46875,31250
64,54,10,62,61.9054679870605,1.69890773296356,1,8.71800002641976e-05,-0.13570898771286,-0.742976307868958,1.04266928246943e-06,46875,31250
64,54,10,62,61.9054679870605,1.69890773296356,1.00999999046326,8.65100009832531e-05,-0.134903699159622,-0.483690559864044,1.04593743799342e-06,46875,30273.4375
64,54,10,62,61.9054679870605,1.69890773296356,1.01999998092651,8.57449995237403e-05,-0.13401797413826,-0.229898035526276,1.0398497352071e-06,46875,30273.4375
64,54,10,62,62.0078125,1.71274065971375,0.980000019073486,8.8079999841284e-05,-0.14269295334816,-1.34080100059509,9.85212750492792e-07,47851.5625,30273.4375
64,54,10,62,62.0078125,1.71274065971375,0.990000009536743,8.72899981914088e-05,-0.141700744628906,-1.07170104980469,1.00463341823342e-06,47851.5625,30273.4375
64,54,10,62,62.0078125,1.71274065971375,1,8.65499969222583e-05,-0.141467988491058,-0.808561444282532,1.01332443591673e-06,47851.5625,30273.4375
64,54,10,62,62.0078125,1.71274065971375,1.00999999046326,8.58299972605892e-05,-0.14109343290329,-0.550536632537842,1.01172281574691e-06,46875,30273.4375
64,54,10,62,62.0078125,1.71274065971375,1.01999998092651,8.51000004331581e-05,-0.140091270208359,-0.299274444580078,9.99926555778075e-07,46875,29296.875
