ModelThickMax,ModelThickMin,ModelThickDiff,ModelThickMedian,ModelThickMean,ModelThickStd,ModeVelCoeff
61,61,0,61,61,0,0.98
61,61,0,61,61,0,0.99
61,61,0,61,61,0,1
61,61,0,61,61,0,1.01
61,61,0,61,61,0,1.02
61,59,2,60,60.059375,0.727805563480379,0.98
61,59,2,60,60.059375,0.727805563480379,0.99
61,59,2,60,60.059375,0.727805563480379,1
61,59,2,60,60.059375,0.727805563480379,1.01
61,59,2,60,60.059375,0.727805563480379,1.02
61,59,2,60,60.01640625,0.733779759557032,0.98
61,59,2,60,60.01640625,0.733779759557032,0.99
61,59,2,60,60.01640625,0.733779759557032,1
61,59,2,60,60.01640625,0.733779759557032,1.01
61,59,2,60,60.01640625,0.733779759557032,1.02
61,59,2,60,60.04453125,0.741098712455241,0.98
61,59,2,60,60.04453125,0.741098712455241,0.99
61,59,2,60,60.04453125,0.741098712455241,1
61,59,2,60,60.04453125,0.741098712455241,1.01
61,59,2,60,60.04453125,0.741098712455241,1.02
61,57,4,60,59.42734375,1.1526367666497,0.98
61,57,4,60,59.42734375,1.1526367666497,0.99
61,57,4,60,59.42734375,1.1526367666497,1
61,57,4,60,59.42734375,1.1526367666497,1.01
61,57,4,60,59.42734375,1.1526367666497,1.02
61,57,4,59,59.38046875,1.16895993638672,0.98
61,57,4,59,59.38046875,1.16895993638672,0.99
61,57,4,59,59.38046875,1.16895993638672,1
61,57,4,59,59.38046875,1.16895993638672,1.01
61,57,4,59,59.38046875,1.16895993638672,1.02
61,57,4,60,59.43125,1.16501987352473,0.98
61,57,4,60,59.43125,1.16501987352473,0.99
61,57,4,60,59.43125,1.16501987352473,1
61,57,4,60,59.43125,1.16501987352473,1.01
61,57,4,60,59.43125,1.16501987352473,1.02
61,55,6,59,59.1296875,1.45360135522839,0.98
61,55,6,59,59.1296875,1.45360135522839,0.99
61,55,6,59,59.1296875,1.45360135522839,1
61,55,6,59,59.1296875,1.45360135522839,1.01
61,55,6,59,59.1296875,1.45360135522839,1.02
61,55,6,59,59.07890625,1.47722625058794,0.98
61,55,6,59,59.07890625,1.47722625058794,0.99
61,55,6,59,59.07890625,1.47722625058794,1
61,55,6,59,59.07890625,1.47722625058794,1.01
61,55,6,59,59.07890625,1.47722625058794,1.02
61,55,6,59,59.18515625,1.41617981236355,0.98
61,55,6,59,59.18515625,1.41617981236355,0.99
61,55,6,59,59.18515625,1.41617981236355,1
61,55,6,59,59.18515625,1.41617981236355,1.01
61,55,6,59,59.18515625,1.41617981236355,1.02
61,53,8,59,59.01640625,1.62723484831284,0.98
61,53,8,59,59.01640625,1.62723484831284,0.99
61,53,8,59,59.01640625,1.62723484831284,1
61,53,8,59,59.01640625,1.62723484831284,1.01
61,53,8,59,59.01640625,1.62723484831284,1.02
61,53,8,59,59.0046875,1.58224409744314,0.98
61,53,8,59,59.0046875,1.58224409744314,0.99
61,53,8,59,59.0046875,1.58224409744314,1
61,53,8,59,59.0046875,1.58224409744314,1.01
61,53,8,59,59.0046875,1.58224409744314,1.02
61,53,8,59,59.09375,1.54493548248307,0.98
61,53,8,59,59.09375,1.54493548248307,0.99
61,53,8,59,59.09375,1.54493548248307,1
61,53,8,59,59.09375,1.54493548248307,1.01
61,53,8,59,59.09375,1.54493548248307,1.02
61,51,10,59,58.97734375,1.7068923814457,0.98
61,51,10,59,58.97734375,1.7068923814457,0.99
61,51,10,59,58.97734375,1.7068923814457,1
61,51,10,59,58.97734375,1.7068923814457,1.01
61,51,10,59,58.97734375,1.7068923814457,1.02
61,51,10,59,58.9609375,1.67491889456236,0.98
61,51,10,59,58.9609375,1.67491889456236,0.99
61,51,10,59,58.9609375,1.67491889456236,1
61,51,10,59,58.9609375,1.67491889456236,1.01
61,51,10,59,58.9609375,1.67491889456236,1.02
61,51,10,59,59.07265625,1.59510661229082,0.98
61,51,10,59,59.07265625,1.59510661229082,0.99
61,51,10,59,59.07265625,1.59510661229082,1
61,51,10,59,59.07265625,1.59510661229082,1.01
61,51,10,59,59.07265625,1.59510661229082,1.02
61,51,10,59,58.97734375,1.7068923814457,0.98
61,51,10,59,58.97734375,1.7068923814457,0.99
61,51,10,59,58.97734375,1.7068923814457,1
61,51,10,59,58.97734375,1.7068923814457,1.01
61,51,10,59,58.97734375,1.7068923814457,1.02
61,51,10,59,58.9609375,1.67491889456236,0.98
61,51,10,59,58.9609375,1.67491889456236,0.99
61,51,10,59,58.9609375,1.67491889456236,1
61,51,10,59,58.9609375,1.67491889456236,1.01
61,51,10,59,58.9609375,1.67491889456236,1.02
61,50,11,59,59.0609375,1.63025702847427,0.98
61,50,11,59,59.0609375,1.63025702847427,0.99
61,50,11,59,59.0609375,1.63025702847427,1
61,50,11,59,59.0609375,1.63025702847427,1.01
61,50,11,59,59.0609375,1.63025702847427,1.02
62,62,0,62,62,0,0.98
62,62,0,62,62,0,0.99
62,62,0,62,62,0,1
62,62,0,62,62,0,1.01
62,62,0,62,62,0,1.02
62,60,2,61,61.07734375,0.7330801751499,0.98
62,60,2,61,61.07734375,0.7330801751499,0.99
62,60,2,61,61.07734375,0.7330801751499,1
62,60,2,61,61.07734375,0.7330801751499,1.01
62,60,2,61,61.07734375,0.7330801751499,1.02
62,60,2,61,61.01796875,0.730539401833304,0.98
62,60,2,61,61.01796875,0.730539401833304,0.99
62,60,2,61,61.01796875,0.730539401833304,1
62,60,2,61,61.01796875,0.730539401833304,1.01
62,60,2,61,61.01796875,0.730539401833304,1.02
62,60,2,61,61.05234375,0.72995387343961,0.98
62,60,2,61,61.05234375,0.72995387343961,0.99
62,60,2,61,61.05234375,0.72995387343961,1
62,60,2,61,61.05234375,0.72995387343961,1.01
62,60,2,61,61.05234375,0.72995387343961,1.02
62,58,4,61,60.51640625,1.1466562425185,0.98
62,58,4,61,60.51640625,1.1466562425185,0.99
62,58,4,61,60.51640625,1.1466562425185,1
62,58,4,61,60.51640625,1.1466562425185,1.01
62,58,4,61,60.51640625,1.1466562425185,1.02
62,58,4,60,60.3609375,1.18210757670718,0.98
62,58,4,60,60.3609375,1.18210757670718,0.99
62,58,4,60,60.3609375,1.18210757670718,1
62,58,4,60,60.3609375,1.18210757670718,1.01
62,58,4,60,60.3609375,1.18210757670718,1.02
62,58,4,61,60.4453125,1.15023602126389,0.98
62,58,4,61,60.4453125,1.15023602126389,0.99
62,58,4,61,60.4453125,1.15023602126389,1
62,58,4,61,60.4453125,1.15023602126389,1.01
62,58,4,61,60.4453125,1.15023602126389,1.02
62,56,6,61,60.3,1.39943024260207,0.98
62,56,6,61,60.3,1.39943024260207,0.99
62,56,6,61,60.3,1.39943024260207,1
62,56,6,61,60.3,1.39943024260207,1.01
62,56,6,61,60.3,1.39943024260207,1.02
62,56,6,60,60.05234375,1.48368583802298,0.98
62,56,6,60,60.05234375,1.48368583802298,0.99
62,56,6,60,60.05234375,1.48368583802298,1
62,56,6,60,60.05234375,1.48368583802298,1.01
62,56,6,60,60.05234375,1.48368583802298,1.02
62,56,6,60,60.1984375,1.43004641198186,0.98
62,56,6,60,60.1984375,1.43004641198186,0.99
62,56,6,60,60.1984375,1.43004641198186,1
62,56,6,60,60.1984375,1.43004641198186,1.01
62,56,6,60,60.1984375,1.43004641198186,1.02
62,54,8,60,60.159375,1.61198780738719,0.98
62,54,8,60,60.159375,1.61198780738719,0.99
62,54,8,60,60.159375,1.61198780738719,1
62,54,8,60,60.159375,1.61198780738719,1.01
62,54,8,60,60.159375,1.61198780738719,1.02
62,54,8,60,59.93671875,1.65468373985147,0.98
62,54,8,60,59.93671875,1.65468373985147,0.99
62,54,8,60,59.93671875,1.65468373985147,1
62,54,8,60,59.93671875,1.65468373985147,1.01
62,54,8,60,59.93671875,1.65468373985147,1.02
62,54,8,60,60.10859375,1.5623365825411,0.98
62,54,8,60,60.10859375,1.5623365825411,0.99
62,54,8,60,60.10859375,1.5623365825411,1
62,54,8,60,60.10859375,1.5623365825411,1.01
62,54,8,60,60.10859375,1.5623365825411,1.02
62,52,10,60,60.0703125,1.77544538455177,0.98
62,52,10,60,60.0703125,1.77544538455177,0.99
62,52,10,60,60.0703125,1.77544538455177,1
62,52,10,60,60.0703125,1.77544538455177,1.01
62,52,10,60,60.0703125,1.77544538455177,1.02
62,53,9,60,59.91640625,1.69210452508339,0.98
62,53,9,60,59.91640625,1.69210452508339,0.99
62,53,9,60,59.91640625,1.69210452508339,1
62,53,9,60,59.91640625,1.69210452508339,1.01
62,53,9,60,59.91640625,1.69210452508339,1.02
62,52,10,60,60.046875,1.67331713274551,0.98
62,52,10,60,60.046875,1.67331713274551,0.99
62,52,10,60,60.046875,1.67331713274551,1
62,52,10,60,60.046875,1.67331713274551,1.01
62,52,10,60,60.046875,1.67331713274551,1.02
62,52,10,60,60.0703125,1.77544538455177,0.98
62,52,10,60,60.0703125,1.77544538455177,0.99
62,52,10,60,60.0703125,1.77544538455177,1
62,52,10,60,60.0703125,1.77544538455177,1.01
62,52,10,60,60.0703125,1.77544538455177,1.02
62,53,9,60,59.91640625,1.69210452508339,0.98
62,53,9,60,59.91640625,1.69210452508339,0.99
62,53,9,60,59.91640625,1.69210452508339,1
62,53,9,60,59.91640625,1.69210452508339,1.01
62,53,9,60,59.91640625,1.69210452508339,1.02
62,51,11,60,60.03046875,1.7053958699667,0.98
62,51,11,60,60.03046875,1.7053958699667,0.99
62,51,11,60,60.03046875,1.7053958699667,1
62,51,11,60,60.03046875,1.7053958699667,1.01
62,51,11,60,60.03046875,1.7053958699667,1.02
63,63,0,63,63,0,0.98
63,63,0,63,63,0,0.99
63,63,0,63,63,0,1
63,63,0,63,63,0,1.01
63,63,0,63,63,0,1.02
63,61,2,62,62.0515625,0.748517886615457,0.98
63,61,2,62,62.0515625,0.748517886615457,0.99
63,61,2,62,62.0515625,0.748517886615457,1
63,61,2,62,62.0515625,0.748517886615457,1.01
63,61,2,62,62.0515625,0.748517886615457,1.02
63,61,2,62,62.06015625,0.732560051388115,0.98
63,61,2,62,62.06015625,0.732560051388115,0.99
63,61,2,62,62.06015625,0.732560051388115,1
63,61,2,62,62.06015625,0.732560051388115,1.01
63,61,2,62,62.06015625,0.732560051388115,1.02
63,61,2,62,62.003125,0.739792407963461,0.98
63,61,2,62,62.003125,0.739792407963461,0.99
63,61,2,62,62.003125,0.739792407963461,1
63,61,2,62,62.003125,0.739792407963461,1.01
63,61,2,62,62.003125,0.739792407963461,1.02
63,59,4,62,61.4546875,1.16549689578029,0.98
63,59,4,62,61.4546875,1.16549689578029,0.99
63,59,4,62,61.4546875,1.16549689578029,1
63,59,4,62,61.4546875,1.16549689578029,1.01
63,59,4,62,61.4546875,1.16549689578029,1.02
63,59,4,61,61.34609375,1.19475020166167,0.98
63,59,4,61,61.34609375,1.19475020166167,0.99
63,59,4,61,61.34609375,1.19475020166167,1
63,59,4,61,61.34609375,1.19475020166167,1.01
63,59,4,61,61.34609375,1.19475020166167,1.02
63,59,4,61,61.2859375,1.17816559916088,0.98
63,59,4,61,61.2859375,1.17816559916088,0.99
63,59,4,61,61.2859375,1.17816559916088,1
63,59,4,61,61.2859375,1.17816559916088,1.01
63,59,4,61,61.2859375,1.17816559916088,1.02
63,57,6,61,61.178125,1.46829604507976,0.98
63,57,6,61,61.178125,1.46829604507976,0.99
63,57,6,61,61.178125,1.46829604507976,1
63,57,6,61,61.178125,1.46829604507976,1.01
63,57,6,61,61.178125,1.46829604507976,1.02
63,57,6,61,61.03671875,1.52161240626332,0.98
63,57,6,61,61.03671875,1.52161240626332,0.99
63,57,6,61,61.03671875,1.52161240626332,1
63,57,6,61,61.03671875,1.52161240626332,1.01
63,57,6,61,61.03671875,1.52161240626332,1.02
63,57,6,61,60.9421875,1.50311687506643,0.98
63,57,6,61,60.9421875,1.50311687506643,0.99
63,57,6,61,60.9421875,1.50311687506643,1
63,57,6,61,60.9421875,1.50311687506643,1.01
63,57,6,61,60.9421875,1.50311687506643,1.02
63,55,8,61,61.0734375,1.63739931740203,0.98
63,55,8,61,61.0734375,1.63739931740203,0.99
63,55,8,61,61.0734375,1.63739931740203,1
63,55,8,61,61.0734375,1.63739931740203,1.01
63,55,8,61,61.0734375,1.63739931740203,1.02
63,55,8,61,60.94921875,1.66875795219384,0.98
63,55,8,61,60.94921875,1.66875795219384,0.99
63,55,8,61,60.94921875,1.66875795219384,1
63,55,8,61,60.94921875,1.66875795219384,1.01
63,55,8,61,60.94921875,1.66875795219384,1.02
63,55,8,61,60.8421875,1.64953659353672,0.98
63,55,8,61,60.8421875,1.64953659353672,0.99
63,55,8,61,60.8421875,1.64953659353672,1
63,55,8,61,60.8421875,1.64953659353672,1.01
63,55,8,61,60.8421875,1.64953659353672,1.02
63,53,10,61,61.02890625,1.74216226957595,0.98
63,53,10,61,61.02890625,1.74216226957595,0.99
63,53,10,61,61.02890625,1.74216226957595,1
63,53,10,61,61.02890625,1.74216226957595,1.01
63,53,10,61,61.02890625,1.74216226957595,1.02
63,53,10,61,60.92265625,1.72896561626549,0.98
63,53,10,61,60.92265625,1.72896561626549,0.99
63,53,10,61,60.92265625,1.72896561626549,1
63,53,10,61,60.92265625,1.72896561626549,1.01
63,53,10,61,60.92265625,1.72896561626549,1.02
63,53,10,61,60.78984375,1.75078848957344,0.98
63,53,10,61,60.78984375,1.75078848957344,0.99
63,53,10,61,60.78984375,1.75078848957344,1
63,53,10,61,60.78984375,1.75078848957344,1.01
63,53,10,61,60.78984375,1.75078848957344,1.02
63,52,11,61,61.0171875,1.77367199161924,0.98
63,52,11,61,61.0171875,1.77367199161924,0.99
63,52,11,61,61.0171875,1.77367199161924,1
63,52,11,61,61.0171875,1.77367199161924,1.01
63,52,11,61,61.0171875,1.77367199161924,1.02
63,53,10,61,60.92265625,1.72896561626549,0.98
63,53,10,61,60.92265625,1.72896561626549,0.99
63,53,10,61,60.92265625,1.72896561626549,1
63,53,10,61,60.92265625,1.72896561626549,1.01
63,53,10,61,60.92265625,1.72896561626549,1.02
63,53,10,61,60.78984375,1.75078848957344,0.98
63,53,10,61,60.78984375,1.75078848957344,0.99
63,53,10,61,60.78984375,1.75078848957344,1
63,53,10,61,60.78984375,1.75078848957344,1.01
63,53,10,61,60.78984375,1.75078848957344,1.02
64,64,0,64,64,0,0.98
64,64,0,64,64,0,0.99
64,64,0,64,64,0,1
64,64,0,64,64,0,1.01
64,64,0,64,64,0,1.02
64,62,2,63,63.05390625,0.738360538750371,0.98
64,62,2,63,63.05390625,0.738360538750371,0.99
64,62,2,63,63.05390625,0.738360538750371,1
64,62,2,63,63.05390625,0.738360538750371,1.01
64,62,2,63,63.05390625,0.738360538750371,1.02
64,62,2,63,63.01171875,0.730666483135634,0.98
64,62,2,63,63.01171875,0.730666483135634,0.99
64,62,2,63,63.01171875,0.730666483135634,1
64,62,2,63,63.01171875,0.730666483135634,1.01
64,62,2,63,63.01171875,0.730666483135634,1.02
64,62,2,63,63.0484375,0.72861585175003,0.98
64,62,2,63,63.0484375,0.72861585175003,0.99
64,62,2,63,63.0484375,0.72861585175003,1
64,62,2,63,63.0484375,0.72861585175003,1.01
64,62,2,63,63.0484375,0.72861585175003,1.02
64,60,4,63,62.4421875,1.1809412616583,0.98
64,60,4,63,62.4421875,1.1809412616583,0.99
64,60,4,63,62.4421875,1.1809412616583,1
64,60,4,63,62.4421875,1.1809412616583,1.01
64,60,4,63,62.4421875,1.1809412616583,1.02
64,60,4,62,62.34375,1.18128155583319,0.98
64,60,4,62,62.34375,1.18128155583319,0.99
64,60,4,62,62.34375,1.18128155583319,1
64,60,4,62,62.34375,1.18128155583319,1.01
64,60,4,62,62.34375,1.18128155583319,1.02
64,60,4,63,62.45078125,1.1646672232911,0.98
64,60,4,63,62.45078125,1.1646672232911,0.99
64,60,4,63,62.45078125,1.1646672232911,1
64,60,4,63,62.45078125,1.1646672232911,1.01
64,60,4,63,62.45078125,1.1646672232911,1.02
64,58,6,62,62.17734375,1.46385776938855,0.98
64,58,6,62,62.17734375,1.46385776938855,0.99
64,58,6,62,62.17734375,1.46385776938855,1
64,58,6,62,62.17734375,1.46385776938855,1.01
64,58,6,62,62.17734375,1.46385776938855,1.02
64,58,6,62,62.015625,1.51554042619277,0.98
64,58,6,62,62.015625,1.51554042619277,0.99
64,58,6,62,62.015625,1.51554042619277,1
64,58,6,62,62.015625,1.51554042619277,1.01
64,58,6,62,62.015625,1.51554042619277,1.02
64,58,6,62,62.15703125,1.46830914939925,0.98
64,58,6,62,62.15703125,1.46830914939925,0.99
64,58,6,62,62.15703125,1.46830914939925,1
64,58,6,62,62.15703125,1.46830914939925,1.01
64,58,6,62,62.15703125,1.46830914939925,1.02
64,56,8,62,62.09140625,1.57688181850972,0.98
64,56,8,62,62.09140625,1.57688181850972,0.99
64,56,8,62,62.09140625,1.57688181850972,1
64,56,8,62,62.09140625,1.57688181850972,1.01
64,56,8,62,62.09140625,1.57688181850972,1.02
64,56,8,62,61.9375,1.63450862705449,0.98
64,56,8,62,61.9375,1.63450862705449,0.99
64,56,8,62,61.9375,1.63450862705449,1
64,56,8,62,61.9375,1.63450862705449,1.01
64,56,8,62,61.9375,1.63450862705449,1.02
64,56,8,62,62.02734375,1.66790120341553,0.98
64,56,8,62,62.02734375,1.66790120341553,0.99
64,56,8,62,62.02734375,1.66790120341553,1
64,56,8,62,62.02734375,1.66790120341553,1.01
64,56,8,62,62.02734375,1.66790120341553,1.02
64,55,9,62,62.08046875,1.5971807939202,0.98
64,55,9,62,62.08046875,1.5971807939202,0.99
64,55,9,62,62.08046875,1.5971807939202,1
64,55,9,62,62.08046875,1.5971807939202,1.01
64,55,9,62,62.08046875,1.5971807939202,1.02
64,54,10,62,61.90546875,1.69890773878002,0.98
64,54,10,62,61.90546875,1.69890773878002,0.99
64,54,10,62,61.90546875,1.69890773878002,1
64,54,10,62,61.90546875,1.69890773878002,1.01
64,54,10,62,61.90546875,1.69890773878002,1.02
64,54,10,62,62.0078125,1.71274071203936,0.98
64,54,10,62,62.0078125,1.71274071203936,0.99
64,54,10,62,62.0078125,1.71274071203936,1
64,54,10,62,62.0078125,1.71274071203936,1.01
64,54,10,62,62.0078125,1.71274071203936,1.02
64,55,9,62,62.08046875,1.5971807939202,0.98
64,55,9,62,62.08046875,1.5971807939202,0.99
64,55,9,62,62.08046875,1.5971807939202,1
64,55,9,62,62.08046875,1.5971807939202,1.01
64,55,9,62,62.08046875,1.5971807939202,1.02
64,54,10,62,61.90546875,1.69890773878002,0.98
64,54,10,62,61.90546875,1.69890773878002,0.99
64,54,10,62,61.90546875,1.69890773878002,1
64,54,10,62,61.90546875,1.69890773878002,1.01
64,54,10,62,61.90546875,1.69890773878002,1.02
64,54,10,62,62.0078125,1.71274071203936,0.98
64,54,10,62,62.0078125,1.71274071203936,0.99
64,54,10,62,62.0078125,1.71274071203936,1
64,54,10,62,62.0078125,1.71274071203936,1.01
64,54,10,62,62.0078125,1.71274071203936,1.02
