ModelThickMax,ModelThickMin,ModelThickDiff,ModelThickMedian,ModelThickMean,ModelThickStd,ModeVelCoeff
50,49,1,50,49.53359375,0.499065168897691,0.993
50,49,1,49,49.49140625,0.500121540153713,1.009
50,49,1,50,49.51171875,0.500058025366442,1.018
50,49,1,49,49.49921875,0.500194816424982,1.016
50,49,1,50,49.51328125,0.500018935333401,0.995
50,49,1,50,49.5109375,0.500075737031688,0.993
50,49,1,50,49.51328125,0.500018935333401,0.987
50,49,1,50,49.52578125,0.499530051822675,0.993
50,48,2,49,49.05234375,0.733160161439589,1.011
50,48,2,49,49.05390625,0.739418695220294,0.997
50,48,2,49,49.0484375,0.735026114751505,1.002
50,48,2,49,49.0359375,0.743145310883646,0.994
50,48,2,49,49.01015625,0.724241248510317,1.005
50,47,3,49,48.6796875,0.967280137269558,1.003
50,47,3,49,48.66484375,0.946256344851654,0.989
50,47,3,49,48.65078125,0.932808825811655,0.998
50,47,3,49,48.734375,0.97091700365717,0.997
50,46,4,49,48.4359375,1.14975160488341,1.012
50,46,4,48,48.290625,1.15421093951022,0.994
50,46,4,49,48.4265625,1.13550176107904,1.02
50,46,4,49,48.46875,1.13400423196897,1.019
50,46,4,49,48.41953125,1.15211730801973,1.01
50,45,5,49,48.3703125,1.28820713366825,1.017
50,45,5,48,48.3234375,1.27344222548254,1.016
50,45,5,48,48.16328125,1.35920520708133,1.019
50,44,6,48,48.0828125,1.51076974902142,1.02
50,44,6,48,47.97890625,1.54232201818541,0.981
50,44,6,48,47.97890625,1.54232201818541,1.012
50,44,6,48,48.171875,1.45083284700923,0.98
50,44,6,48,48.11015625,1.4151718867053,1.002
50,44,6,48,48.17265625,1.40223293634813,1.003
50,43,7,48,47.9609375,1.5673682954971,0.981
50,43,7,48,48.11328125,1.4965621847261,1.009
50,43,7,48,47.86875,1.64949585967555,0.982
50,43,7,48,47.953125,1.60072000512045,0.981
50,43,7,48,48.0421875,1.54315606125821,1.01
50,43,7,48,48.1484375,1.59205338836345,0.981
50,43,7,49,48.234375,1.48162777906063,0.982
50,43,7,48,47.9578125,1.6202688690384,0.993
50,43,7,48,47.94375,1.69485031547587,0.994
50,42,8,48,48.10390625,1.60267087200212,1
50,42,8,48,48.0796875,1.55882111863619,1.016
50,42,8,48,47.92109375,1.64215158275916,0.987
50,42,8,48,48.1421875,1.49278218481133,1.011
50,42,8,48,48.009375,1.61111451864273,0.989
50,41,9,48,47.97109375,1.7213942538788,1.002
50,41,9,48,48.178125,1.52061350834174,0.997
50,41,9,48,47.878125,1.69324359908677,0.99
50,41,9,48,47.72109375,1.87311134355535,1.009
50,41,9,48,48.0734375,1.56613318802299,1.02
50,41,9,48,47.88515625,1.69903573092876,0.984
50,41,9,48,47.865625,1.76378464624864,0.992
50,40,10,48,48.01640625,1.71883178247394,0.999
50,40,10,48,47.81640625,1.71773972547194,1.016
50,40,10,48,47.9671875,1.8405182232038,0.993
50,39,11,48,47.8296875,1.80063230033252,0.984
50,43,7,48,47.89296875,1.67638631759187,0.999
50,39,11,48,48.021875,1.73213826557557,0.984
50,40,10,48,48.0609375,1.5943721573809,1
50,39,11,48,48.096875,1.67116639121152,0.992
50,40,10,48,47.71875,1.77700321389829,1.003
50,39,11,48,48.04375,1.78639415182549,1.016
50,41,9,48,47.90546875,1.67293726483216,0.986
50,39,11,48,47.94921875,1.80990654550982,0.981
50,42,8,48,48,1.65896055326193,0.995
50,40,10,48,47.86171875,1.75169396819465,1
50,43,7,48,47.89296875,1.67638631759187,1.003
50,41,9,48,48.1671875,1.55388536083612,1.004
51,50,1,50,50.4921875,0.500134364276187,0.98
51,50,1,50,50.4953125,0.500173445288117,0.989
51,50,1,51,50.5328125,0.499117183888255,0.992
51,50,1,51,50.521875,0.499716495074526,1
51,50,1,51,50.5171875,0.499899814044087,1.005
51,50,1,50,50.48515625,0.499974955393097,0.98
51,50,1,51,50.5140625,0.499997556678941,0.988
51,50,1,51,50.525,0.499569791464792,1.008
51,50,1,51,50.50078125,0.500194816424982,0.995
51,50,1,51,50.50078125,0.500194816424982,1.011
51,50,1,50,50.49921875,0.500194816424982,1.017
51,49,2,50,50.053125,0.734701941554642,0.998
51,49,2,50,50.01796875,0.723008828457957,0.992
51,49,2,50,50.07890625,0.737168297147263,1.005
51,49,2,50,50.0109375,0.729071766786973,0.984
51,49,2,50,49.97265625,0.72595302477167,0.983
51,49,2,50,50.0125,0.730118287030998,1.01
51,49,2,50,50.01484375,0.72199768947302,0.986
51,49,2,50,50.0515625,0.731614297333336,1.01
51,49,2,50,50.00859375,0.732846831940496,1.008
51,49,2,50,50.05703125,0.73387631642586,0.985
51,49,2,50,50.0203125,0.728870662954057,0.999
51,48,3,50,49.68984375,0.944871333248936,1.002
51,48,3,50,49.70625,0.950515271149308,0.992
51,47,4,49,49.39296875,1.17350764235657,0.996
51,47,4,49,49.33359375,1.17856655779687,0.983
51,47,4,50,49.52890625,1.13061403285217,0.984
51,47,4,49,49.3796875,1.17021675417813,0.996
51,47,4,50,49.53203125,1.12289651102506,0.98
51,47,4,50,49.53203125,1.12289651102506,0.981
51,47,4,49,49.38671875,1.1581624585923,1.009
51,47,4,50,49.465625,1.15981971988869,0.986
51,47,4,50,49.39140625,1.15387827829371,0.986
51,46,5,49,49.11484375,1.36759033981979,0.985
51,46,5,49,49.2375,1.351395768769,1.015
51,46,5,50,49.32890625,1.29729690366349,1.016
51,46,5,49,49.26015625,1.31817391185089,0.998
51,46,5,49,49.1328125,1.38782314031859,0.996
51,46,5,49,49.16796875,1.34184086928779,1.02
51,46,5,50,49.31328125,1.30296294891569,1.02
51,45,6,49,48.89296875,1.55492023903654,0.988
51,45,6,50,49.21796875,1.49175128850727,1.006
51,45,6,49,49.1140625,1.49780837416647,0.98
51,45,6,49,48.97109375,1.54877198415816,1.007
51,45,6,49,49.0953125,1.51416865125936,0.982
51,45,6,49,49.18984375,1.47294282637891,1.006
51,45,6,50,49.27578125,1.42018543722788,0.988
51,45,6,49,48.9796875,1.51445262433932,0.991
51,45,6,49,49.103125,1.44872959364282,1.013
51,45,6,50,49.24609375,1.46885318744875,0.987
51,44,7,49,49.12265625,1.49320665716202,0.996
51,44,7,49,48.81640625,1.67813876122196,0.997
51,44,7,49,49.025,1.60072305788765,0.996
51,44,7,49,49.11328125,1.56450418765998,1.005
51,44,7,49,49.08359375,1.61066992233354,1.007
51,43,8,49,48.6515625,1.76327687229815,1.01
51,43,8,49,48.7953125,1.77383728945926,0.99
51,43,8,49,49.07109375,1.55798291558229,0.987
51,43,8,49,49.07109375,1.55798291558229,0.997
51,43,8,49,48.9671875,1.7432146741904,0.995
51,43,8,49,49.009375,1.66598859023676,0.994
51,43,8,49,48.828125,1.74446236545472,0.992
51,43,8,50,49.184375,1.58631942059091,1.013
51,42,9,49,49.1875,1.48881679516654,0.999
51,42,9,49,49.1203125,1.65080402496803,0.996
51,42,9,49,49.015625,1.72043040144715,1.016
51,42,9,50,49.21484375,1.56583888762841,1.012
51,42,9,49,48.93984375,1.73190814985179,0.985
51,42,9,49,49.046875,1.57461972772569,0.995
51,42,9,50,49.2140625,1.67195205398857,0.986
51,42,9,49,48.7625,1.84501102335721,1.004
51,42,9,49,48.99765625,1.74419465292574,1.003
51,42,9,49,48.74140625,1.89427462723065,0.983
51,42,9,49,49,1.56785536503233,1.003
51,42,9,50,49.1828125,1.65924846044204,0.985
51,42,9,49,48.7578125,1.74999650954639,0.989
51,41,10,50,49.2015625,1.69946799268784,0.984
51,41,10,49,48.75,1.82631275950846,0.983
51,41,10,49,49.04140625,1.54697249507165,0.986
51,41,10,49,48.98515625,1.68531299221941,1.013
51,41,10,49,48.76953125,1.98568207977289,1.013
51,41,10,49,48.96875,1.62003436290161,1.011
51,41,10,49,48.63671875,1.84549283359928,0.991
51,41,10,49,49.1546875,1.55417465381915,0.999
51,41,10,49,48.9921875,1.73856632923715,1.002
51,40,11,49,48.746875,1.87447933870799,0.981
51,42,9,49,48.96171875,1.70340325740838,1.001
51,40,11,49,49.02734375,1.73454145661007,1.01
51,40,11,49,48.96796875,1.81852312698239,1.009
51,41,10,49,48.953125,1.76473745353414,1.009
51,41,10,49,48.953125,1.76473745353414,1.019
51,41,10,49,48.640625,1.8771261075827,0.982
51,40,11,49,49.02734375,1.73454145661007,0.984
51,41,10,49,49.04140625,1.54697249507165,0.995
51,39,12,50,49.11796875,1.75807902103809,0.995
51,40,11,49,48.6234375,1.87166369842448,0.989
52,51,1,52,51.5015625,0.500192984649028,1.016
52,51,1,52,51.5109375,0.500075737031688,1.016
52,51,1,52,51.5171875,0.499899814044087,0.991
52,51,1,51,51.49609375,0.500180162029524,0.99
52,51,1,51,51.49375,0.500156347721145,1.004
52,50,2,51,51.07265625,0.73568856268043,1.018
52,50,2,51,50.98125,0.731054696659166,0.985
52,50,2,51,51.065625,0.727268229337858,1.017
52,50,2,51,51.09921875,0.736833460607508,0.984
52,50,2,51,51.09921875,0.736833460607508,1.004
52,50,2,51,51.06640625,0.726659470806581,1.017
52,50,2,51,51.0625,0.735027776809681,0.983
52,50,2,51,51.0765625,0.741117257185107,1.007
52,49,3,51,50.64765625,0.966237299103212,0.982
52,49,3,51,50.64765625,0.966237299103212,1.02
52,49,3,51,50.734375,0.95549417397348,1.017
52,49,3,51,50.665625,0.951065202573682,1.002
52,48,4,51,50.4109375,1.15825448832896,0.995
52,48,4,50.5,50.38046875,1.18490364699343,1.017
52,48,4,51,50.42109375,1.15764125826534,1.017
52,48,4,51,50.4296875,1.17694555545292,0.986
52,47,5,50,50.2140625,1.33085911543809,0.993
52,47,5,51,50.365625,1.30641273335309,0.991
52,47,5,50.5,50.340625,1.27570903494079,1.018
52,47,5,50,50.19140625,1.31987438356435,0.984
52,47,5,50,50.2046875,1.36193415418809,1.01
52,47,5,51,50.40078125,1.25467046742232,0.988
52,47,5,50,50.24140625,1.35734341001858,1.01
52,47,5,50,50.2578125,1.344179784261,1.004
52,46,6,50,50.059375,1.50721161909603,1.002
52,46,6,50,50.19609375,1.42681251579823,1.006
52,46,6,51,50.23046875,1.43643304388411,1.011
52,46,6,50,50.21953125,1.44357293870413,1.015
52,46,6,50,50.18828125,1.51294239745148,0.993
52,46,6,50,50.18828125,1.51294239745148,0.999
52,45,7,50,50.046875,1.56765276248833,0.983
52,45,7,50,49.8796875,1.58508289481167,1.008
52,45,7,50,50.1171875,1.59466023425219,0.999
52,45,7,50,49.84375,1.64683932118605,1.004
52,45,7,50,50.06484375,1.62746606496462,0.992
52,44,8,50,50.05859375,1.66521827131637,0.983
52,44,8,50,50.08046875,1.59913769735371,0.981
52,44,8,50,49.94296875,1.7544396312395,0.992
52,44,8,50,49.9578125,1.71952906325381,0.981
52,43,9,50,49.89765625,1.69799425638677,1.004
52,43,9,50,50.01953125,1.66988496856778,1.004
52,43,9,50,50.00234375,1.67653934698178,0.993
52,43,9,50,49.8875,1.74213299295117,1.001
52,43,9,50,50.15625,1.58293034938642,1.016
52,42,10,50,49.7859375,1.81543785386638,0.984
52,42,10,50,49.7859375,1.81543785386638,1.011
52,42,10,50,50.0921875,1.7352352407934,0.988
52,42,10,50,49.9734375,1.77135068482549,1
52,42,10,50,49.88359375,1.81076087333008,1
52,43,9,50,49.98671875,1.65772865198742,0.992
52,41,11,50,49.6578125,2.01171741032752,0.987
52,41,11,50,49.853125,1.88413140032701,0.981
52,41,11,50,50.0078125,1.85938901307786,0.985
52,42,10,50,50.075,1.62004642835428,1.005
52,42,10,50,49.971875,1.74553770410897,1.001
52,41,11,50,49.85546875,1.77601554354317,1.004
52,42,10,50,50.075,1.67649435050384,0.993
52,42,10,50,50.075,1.67649435050384,0.996
52,40,12,50,49.9875,1.80776710117847,1.008
52,41,11,50,49.94765625,1.78725681380461,0.996
53,52,1,53,52.51953125,0.499813662502731,1.019
53,52,1,53,52.50625,0.500156347721145,0.981
53,52,1,52,52.47890625,0.499750108586338,0.984
53,52,1,53,52.5125,0.500039091513294,0.99
53,52,1,53,52.5125,0.500039091513294,0.982
53,52,1,53,52.52109375,0.499750108586337,1.004
53,51,2,52,52.0140625,0.721471692750442,0.988
53,51,2,52,51.9828125,0.723568320306854,1.013
53,51,2,52,52.0796875,0.728011995772772,1.006
53,51,2,52,52.08046875,0.738059348451989,1.005
53,51,2,52,52.0171875,0.734294444161967,1.005
53,51,2,52,52,0.73129529390006,0.985
53,50,3,52,51.659375,0.94305721961519,0.995
53,50,3,52,51.65703125,0.938465101365856,1.001
53,50,3,52,51.71171875,0.931854909375198,0.99
53,50,3,52,51.63515625,0.966449685764018,1.004
53,50,3,52,51.66640625,0.961558005981075,0.98
53,50,3,52,51.7125,0.958970649604143,1.019
53,50,3,52,51.684375,0.956639078659151,1.014
53,49,4,52,51.4203125,1.15826292621964,0.996
53,49,4,51,51.3453125,1.15674311431943,0.988
53,49,4,52,51.55078125,1.14017515723297,1
53,49,4,52,51.46015625,1.19941605832242,0.98
53,49,4,51,51.375,1.16704822681912,1.011
53,49,4,51,51.390625,1.15109068854733,1.001
53,48,5,51,51.30078125,1.33667788007511,1.013
53,48,5,51,51.334375,1.27429862356404,1.015
53,48,5,52,51.32109375,1.30405947905081,1.015
53,48,5,51,51.13515625,1.32150610903165,1.002
53,48,5,51,51.2296875,1.32116702592774,1.002
53,47,6,51,51.203125,1.39225701414371,0.986
53,47,6,51,51.146875,1.47440702489463,0.989
53,47,6,51,51.26015625,1.36994660093223,0.989
53,46,7,52,51.26484375,1.50298581348968,1.019
53,46,7,51,51.00859375,1.54952273132046,0.996
53,46,7,51,50.990625,1.58419863054366,1.008
53,46,7,51,51.01171875,1.53988520909616,0.98
53,46,7,51,51.0171875,1.55775491377299,0.992
53,46,7,51,51.17890625,1.50735244410023,0.987
53,45,8,51,51.13046875,1.5485905515799,1.013
53,45,8,51,51.07265625,1.54024534482139,1.019
53,45,8,51,50.96171875,1.58005656482461,0.982
53,45,8,51,50.96171875,1.58005656482461,1.017
53,45,8,51,51.10859375,1.56133537519366,0.995
53,45,8,51,51.07109375,1.67176115362493,1.011
53,45,8,51,50.95390625,1.63720438814504,1.009
53,45,8,51,51.08671875,1.6465127027558,1.007
53,44,9,51,50.95625,1.63798489827416,0.994
53,44,9,51,51.10078125,1.61065626967342,1.019
53,44,9,51,51.15078125,1.51197958531823,1.008
53,44,9,51,50.88671875,1.6750419734393,1.02
53,44,9,51,50.87734375,1.80948395633479,0.987
53,44,9,51,51.17578125,1.59245907145312,0.986
53,44,9,51,51.12578125,1.59767942025495,0.984
53,44,9,51,51.0328125,1.66850554992572,1.001
53,45,8,51,50.9953125,1.58816278881738,1.001
53,43,10,51,50.9921875,1.6308983587602,0.987
53,44,9,51,50.946875,1.61656483347522,1.019
53,44,9,51,50.9984375,1.63999963648235,0.984
53,42,11,51,50.9328125,1.89691776558246,0.989
53,42,11,52,51.19921875,1.5718893028003,1.002
53,44,9,52,51.17890625,1.66179308866854,1.02
53,42,11,51,50.93984375,1.71421139153805,1.002
53,42,11,51,50.93984375,1.71421139153805,1.003
53,44,9,51,51.00546875,1.71023724372614,0.998
53,42,11,51,50.9640625,1.76986035834399,0.997
53,41,12,51,51.00859375,1.71068149338617,0.994
53,41,12,51,50.8765625,1.78572588793282,1.01
53,41,12,51,51.06171875,1.7930724608022,1.015
53,44,9,51,50.90703125,1.60529243893551,0.985
53,44,9,51,50.90703125,1.60529243893551,0.986
53,41,12,51,50.83125,1.9164629754316,1.015
53,41,12,52,51.06796875,1.7967668641188,0.98
54,53,1,53,53.48984375,0.500092226638891,0.983
54,53,1,53,53.490625,0.500107494308929,0.988
54,52,2,53,53.0421875,0.744918608564358,1.018
54,52,2,53,53.025,0.733003930093454,1.005
54,52,2,53,53.040625,0.731235152011402,1.001
54,52,2,53,53.06484375,0.727875639541533,1.016
54,52,2,53,53.0625,0.727543662661539,1.02
54,52,2,53,53.01015625,0.730689890438518,0.988
54,52,2,53,53.06953125,0.731729087828944,1.019
54,51,3,53,52.71796875,0.952830735378256,0.988
54,51,3,53,52.71796875,0.952830735378256,1
54,51,3,53,52.68203125,0.958720609049263,0.982
54,51,3,53,52.63828125,0.955427366827964,1.02
54,51,3,53,52.6703125,0.960873281375651,1.016
54,51,3,53,52.7453125,0.95356287366203,1.01
54,51,3,53,52.61484375,0.972297267881883,1.018
54,51,3,53,52.66171875,0.971253842003183,0.99
54,51,3,53,52.72734375,0.942375256945057,0.988
54,51,3,53,52.70234375,0.961166612933785,0.997
54,50,4,53,52.4984375,1.13718748123367,0.999
54,50,4,53,52.4390625,1.13692962484624,0.998
54,50,4,53,52.44453125,1.14815748605469,1.011
54,49,5,52,52.17421875,1.36129601207317,1.002
54,49,5,52,52.17421875,1.36129601207317,1.014
54,49,5,52,52.25234375,1.35477407639962,0.986
54,49,5,52,52.115625,1.36781029529292,1.02
54,49,5,52,52.23125,1.33267999369621,1.011
54,48,6,52,52.1453125,1.48407545792533,1.017
54,48,6,52,52.28359375,1.33984918244721,0.998
54,48,6,52,52.12265625,1.44097931926644,0.989
54,47,7,52,52.18359375,1.51970519669803,0.993
54,47,7,52,52.0875,1.5447963042354,1.003
54,47,7,52,52.06171875,1.5926247675811,0.993
54,46,8,52,52.1546875,1.55719015682708,0.999
54,46,8,52,52.1734375,1.43275020943186,1.004
54,46,8,52,51.8625,1.70080236779363,1.005
54,45,9,52,51.9703125,1.64544336703528,0.984
54,45,9,52,51.86328125,1.68817675307092,1.005
54,46,8,52,51.909375,1.64748902692045,1.018
54,45,9,52,51.78515625,1.76843975811131,0.987
54,45,9,52,51.98515625,1.70376898317975,1.003
54,45,9,52,52.13515625,1.57224210772668,1.003
54,45,9,52,51.95625,1.7308202848601,0.997
54,45,9,52,52.121875,1.63211215005816,1.001
54,46,8,52,52.22890625,1.42904377854318,0.995
54,45,9,52,52.1078125,1.60655466295625,1.008
54,45,9,52,52.0828125,1.6521651335796,1.014
54,45,9,52,52.05625,1.63282158641804,1.011
54,44,10,52,51.9078125,1.86593718002841,1.011
54,44,10,52,51.8515625,1.74302965124779,1.007
54,44,10,52,51.94609375,1.77755981519579,0.985
54,44,10,52,51.89453125,1.80234442900741,0.998
54,46,8,52,52.22890625,1.42904377854318,0.986
54,44,10,52,51.86953125,1.88222659362932,0.996
54,44,10,52,51.84140625,1.77745534759814,1.008
54,44,10,52,52.0296875,1.68488471218484,1.009
54,44,10,53,52.16640625,1.63989441410287,1.017
54,43,11,52,51.93359375,1.72806378128053,1.019
54,46,8,52,51.95625,1.57073261194673,1.011
54,43,11,52,51.8609375,1.8983649758949,1.008
54,43,11,52,51.86796875,1.84943131355069,0.995
54,42,12,52,51.88125,1.93117504649456,1.02
54,45,9,52,51.9703125,1.72659641033763,0.994
54,45,9,52,52.01953125,1.55244812058978,0.987
54,43,11,52,51.96015625,1.7248059048773,1.006
54,42,12,52,51.875,1.9116530840303,1.014
54,42,12,52,51.7015625,1.9672845902687,1.005
54,43,11,52,52.01953125,1.71925391539643,1.005
54,42,12,52,51.6796875,1.98758300951253,1.017
55,54,1,55,54.51796875,0.499872320484493,1.01
55,54,1,55,54.50625,0.500156347721145,0.984
55,54,1,54,54.49609375,0.500180162029524,1.008
55,53,2,54,54.03671875,0.733043511850309,0.983
55,53,2,54,54.0484375,0.729688139604151,0.986
55,53,2,54,54.05078125,0.748048918402861,1.012
55,53,2,54,54.028125,0.735021128554425,0.997
55,53,2,54,54.09375,0.727409317971508,0.998
55,52,3,54,53.61796875,0.963844724350519,1.016
55,51,4,54,53.53046875,1.15925474117026,1.002
55,51,4,54,53.4609375,1.13789199055691,0.989
55,51,4,54,53.45,1.13333180027185,0.997
55,50,5,53,53.18515625,1.32076634729086,1.002
55,50,5,53,53.31015625,1.26350962888727,1.012
55,50,5,53,53.22265625,1.35478850420495,0.982
55,50,5,53,53.28671875,1.28312991387451,1.005
55,49,6,53,53.08515625,1.52172640958788,1
55,49,6,53,53.05703125,1.46227962561176,1.009
55,49,6,53,53.26484375,1.36847619860106,0.988
55,49,6,53,53.09921875,1.48865903491832,1.015
55,49,6,53,52.978125,1.50198916842957,0.994
55,49,6,53,52.978125,1.50198916842957,1
55,49,6,53,53.1390625,1.40790987738219,0.982
55,49,6,53,53.05859375,1.53423416951384,1.012
55,49,6,53,53.13359375,1.44054857415079,0.986
55,49,6,53,53.00234375,1.53331341044807,1.012
55,48,7,53,53.078125,1.5167007473968,0.981
55,48,7,53,53.103125,1.5877727428803,1.011
55,48,7,53,52.9921875,1.67722216150578,1.004
55,48,7,53,53.08671875,1.49206245395334,1.002
55,48,7,53,52.89921875,1.59455661684975,0.982
55,48,7,53,52.95078125,1.66786751028397,1.001
55,48,7,53,53.0484375,1.57059494188097,0.983
55,48,7,53,53.034375,1.46218626139695,1.016
55,47,8,53,52.87421875,1.78051947044576,1.011
55,47,8,54,53.20234375,1.56600740038762,1.013
55,47,8,53,52.93046875,1.65348725682516,1.011
55,46,9,53,53.09609375,1.61239832458203,0.987
55,46,9,54,53.175,1.60890796253233,0.985
55,47,8,53,53.18359375,1.48061634482236,1.016
55,46,9,53,53.00703125,1.61766458722781,1.002
55,46,9,54,53.16875,1.64465395453871,0.992
55,46,9,53,52.96875,1.71201658340707,0.99
55,45,10,53,53.08671875,1.63889735304426,0.98
55,46,9,53,52.98671875,1.75754249023027,1.003
55,45,10,53,52.87109375,1.84542001566213,1.008
55,45,10,53,53.02578125,1.66605000238223,0.999
55,44,11,53,52.7765625,1.87866855082177,0.995
55,44,11,53,53.0125,1.69988271682999,1.011
55,44,11,53,52.67890625,1.93503367704894,0.984
55,47,8,53,53.08125,1.52783657416023,1.018
55,44,11,53,53.04765625,1.69488329200981,1.007
55,43,12,53,52.984375,1.81637230927772,1.002
55,45,10,53,52.8828125,1.69265115252952,1.004
55,45,10,53,53.00390625,1.79630853965144,1.018
56,55,1,56,55.52734375,0.499446894034698,0.989
56,55,1,55,55.4921875,0.500134364276187,1.001
56,55,1,56,55.51640625,0.499926084254992,0.997
56,55,1,56,55.51171875,0.500058025366442,0.982
56,55,1,56,55.52265625,0.499681656867188,0.993
56,55,1,56,55.51796875,0.499872320484493,1.018
56,55,1,56,55.5015625,0.500192984649028,0.981
56,54,2,55,55.06953125,0.73492763109548,1.015
56,54,2,55,55.02109375,0.731525374497707,1.005
56,54,2,55,55.0453125,0.729889018200545,0.985
56,54,2,55,55.065625,0.743219282760746,0.994
56,54,2,55,55.0703125,0.730049681280931,0.994
56,54,2,55,55.0703125,0.730049681280931,1.008
56,54,2,55,55.05390625,0.730910551012176,1.009
56,54,2,55,55.04140625,0.718789198203661,1.007
56,54,2,55,55.00234375,0.725387372584419,1.014
56,53,3,55,54.72734375,0.944860989709543,0.983
56,53,3,55,54.67265625,0.958825092523742,1.011
56,53,3,55,54.68203125,0.963601336736858,0.993
56,53,3,55,54.6765625,0.94579306980095,1.006
56,53,3,55,54.6765625,0.94579306980095,1.02
56,53,3,55,54.653125,0.96619462650854,0.985
56,52,4,55,54.4578125,1.16023570540783,0.981
56,52,4,54,54.346875,1.17638594588125,1.002
56,52,4,54,54.36484375,1.16859410087326,1.009
56,51,5,54,54.0640625,1.3359604648212,0.998
56,51,5,54,54.2484375,1.35174195522896,0.997
56,51,5,54,54.2484375,1.35174195522896,1.005
56,51,5,54,54.20234375,1.32946195585436,1.004
56,51,5,54,54.19296875,1.36335852115029,1.02
56,51,5,54,54.2109375,1.34595995111005,0.999
56,51,5,54,54.25625,1.32632868162331,0.987
56,51,5,54,54.228125,1.32734148518591,0.986
56,51,5,54,54.30625,1.31982833484649,1.015
56,50,6,55,54.27265625,1.37264774095847,1.015
56,50,6,54,54.078125,1.48017588182144,0.986
56,50,6,54,54.0640625,1.50961134314415,0.997
56,50,6,54,54.13828125,1.44335966202337,0.99
56,49,7,54,54.1546875,1.53136911944324,0.999
56,49,7,55,54.27265625,1.41803500486396,0.996
56,49,7,54,54.14453125,1.50585558108305,0.993
56,48,8,54,53.9796875,1.61149891496457,1.017
56,48,8,54,54.146875,1.52035639930991,1.002
56,48,8,54,53.90703125,1.66224146613883,1.012
56,47,9,54,53.99453125,1.63210597481229,0.983
56,48,8,54,54.17734375,1.45313631014035,0.987
56,47,9,54,54.034375,1.62623321822626,0.991
56,47,9,54,54.03515625,1.65079125926489,1.009
56,47,9,54,53.97109375,1.82158255194478,0.986
56,47,9,54,54.01640625,1.587346236851,0.989
56,49,7,55,54.2390625,1.47346794979116,0.987
56,46,10,54,54.0390625,1.69671689484917,0.987
56,46,10,54,54.06171875,1.562391317565,0.986
56,47,9,54,53.9578125,1.72270898615446,1.013
56,46,10,54,54.06953125,1.61376305909727,1.018
56,47,9,54,54.04765625,1.53104260335362,0.981
56,47,9,54,54.109375,1.55299591926512,0.986
56,47,9,54,54.109375,1.55299591926512,1.01
56,45,11,54,53.90078125,1.87038966031969,0.985
56,47,9,54,54.1265625,1.56373504746515,0.989
56,47,9,54,53.934375,1.67595502747083,1.003
56,46,10,54,53.94921875,1.75596809185169,1.007
56,45,11,54,54.05625,1.6490217916781,1.011
56,47,9,54,53.909375,1.70807022961708,0.989
56,47,9,54,53.909375,1.70807022961708,1.013
56,47,9,54,54.03046875,1.55176806993992,1.014
56,45,11,54,53.884375,1.76688492266623,0.983
57,56,1,57,56.51328125,0.500018935333401,1.014
57,56,1,57,56.51796875,0.499872320484493,1.008
57,55,2,56,56.06953125,0.724210885289751,1.005
57,55,2,56,56.02421875,0.732496677751061,1
57,55,2,56,56.07109375,0.735841318659852,0.98
57,55,2,56,56.05234375,0.736352488482764,0.98
57,55,2,56,56.06484375,0.741708384869742,1.011
57,55,2,56,56.07265625,0.743090649155008,1.018
57,54,3,56,55.6515625,0.964011067241388,1.01
57,54,3,56,55.66328125,0.944046080108515,1.012
57,54,3,56,55.7296875,0.976851652852674,0.997
57,54,3,56,55.64140625,0.967980523049068,1.016
57,54,3,56,55.7390625,0.962489147812059,1.012
57,53,4,56,55.484375,1.15278752483024,1.003
57,53,4,56,55.475,1.17944342236158,0.992
57,53,4,56,55.39453125,1.20390351514088,0.98
57,53,4,56,55.41171875,1.11287307832814,1.013
57,52,5,55,55.2,1.32421956894275,1.013
57,52,5,55,55.22421875,1.31528846720203,1.02
57,52,5,56,55.3015625,1.36171167954223,0.984
57,52,5,55,55.16328125,1.36035518827697,0.997
57,52,5,56,55.32890625,1.34290201574271,0.986
57,52,5,55,55.22890625,1.29590998778562,0.997
57,52,5,55,55.2171875,1.33152721283874,0.984
57,51,6,55,55.2328125,1.43141943227231,1.019
57,51,6,55,55.11328125,1.41823658490062,0.986
57,51,6,55,55.103125,1.46962668053514,1.02
57,51,6,55,55.1140625,1.49362651036424,1.004
57,51,6,55,55.1875,1.46178850899683,1.013
57,50,7,56,55.33125,1.44417895490553,0.993
57,50,7,56,55.33125,1.44417895490553,1.012
57,50,7,55,54.93828125,1.51255476157496,0.981
57,50,7,55,55.0953125,1.54483979878475,0.989
57,50,7,55,54.925,1.63541723210467,0.981
57,50,7,55,55.1390625,1.52878220786777,1.01
57,50,7,55,55.16875,1.54260575825791,0.999
57,50,7,55,55.0859375,1.58928853801814,1.001
57,50,7,55,55.1765625,1.50061151855919,1.02
57,49,8,55,55.0859375,1.51473009204914,1.008
57,48,9,55,54.95859375,1.66526522310761,1.014
57,48,9,55,55.04296875,1.69685279178538,0.999
57,48,9,55,54.84921875,1.8134022854583,0.992
57,48,9,55,54.90625,1.76818154866913,0.981
57,48,9,55,55.00859375,1.74909905743078,0.997
57,48,9,55,54.73046875,1.80824532305716,0.98
57,47,10,55,54.91171875,1.6950980742809,1.005
57,47,10,55,55.04921875,1.62801394730729,1.003
57,48,9,55,55.1265625,1.52064162700471,0.992
57,47,10,55,55.05625,1.64996979146417,0.999
57,47,10,55,55.08203125,1.73956999502517,1.009
57,47,10,55,54.97421875,1.67073631283135,0.987
57,47,10,55,55.01875,1.75459855988003,1.01
57,47,10,55,55.06953125,1.69181715454179,0.989
57,47,10,55,55.009375,1.71364562075308,1.02
57,46,11,55,55.05390625,1.76121015079682,0.997
57,45,12,55,54.73125,1.92338597384363,0.991
57,46,11,55,55.0375,1.75429774958934,0.991
57,47,10,55,54.87578125,1.63408983371063,0.983
57,47,10,55,55.078125,1.66041798386947,0.983
57,45,12,55,54.93203125,1.71847494956063,1.009
57,47,10,55,55.02578125,1.7399660333761,1.013
58,57,1,58,57.5140625,0.499997556678941,1.017
58,57,1,58,57.51875,0.499843603374342,0.983
58,57,1,58,57.5015625,0.500192984649028,1.01
58,57,1,58,57.503125,0.500185657478134,0.985
58,57,1,58,57.50234375,0.500189931674199,1.005
58,56,2,57,57.07265625,0.734625033334184,0.997
58,56,2,57,57.05,0.739164627905182,1.001
58,56,2,57,57.03984375,0.738195064786227,0.984
58,55,3,57,56.68671875,0.953727807523937,0.996
58,55,3,57,56.6890625,0.95080184052887,1.003
58,55,3,57,56.72734375,0.959640182417716,1.005
58,55,3,57,56.68515625,0.958121520540862,0.983
58,55,3,57,56.64453125,0.969939794343995,1.014
58,54,4,56,56.346875,1.19681212604603,1.02
58,54,4,56,56.34921875,1.15387616081098,0.983
58,54,4,57,56.43203125,1.17042213495949,0.989
58,54,4,57,56.4703125,1.19252030239256,0.988
58,54,4,57,56.51015625,1.14741030394114,1.019
58,54,4,57,56.378125,1.17937298643215,1.02
58,54,4,57,56.4640625,1.16716441502328,0.982
58,54,4,56,56.3234375,1.1684197660963,1.001
58,53,5,56,56.271875,1.35416639101058,1.005
58,53,5,56,56.2390625,1.32305202965801,1.015
58,53,5,56,56.26875,1.3420340949912,1.001
58,53,5,56,56.22421875,1.35914049173385,1.009
58,53,5,56,56.2359375,1.31055344503414,1.012
58,52,6,56,56.071875,1.42011339282304,1.013
58,52,6,57,56.25546875,1.39401763235052,1.003
58,52,6,56,56.22734375,1.40501808389331,1.009
58,52,6,56,56.0921875,1.45431386953369,0.986
58,52,6,56,56.07890625,1.46660252361545,1.02
58,52,6,56,56.0421875,1.53808108135511,0.995
58,51,7,56,55.70625,1.7590489825211,1.008
58,51,7,56,56.11015625,1.53292455029463,0.981
58,51,7,56,55.953125,1.59484791591621,0.994
58,51,7,56,56.0203125,1.60420476500626,0.989
58,51,7,56,56.115625,1.58543199323095,1.018
58,50,8,56,55.80625,1.67489628353346,0.992
58,50,8,56,55.89453125,1.67555242631986,0.996
58,50,8,56,56.01015625,1.58345332984929,1.02
58,50,8,56,55.8890625,1.72282811908572,0.989
58,50,8,56,56.06875,1.60139452519743,0.991
58,49,9,56,56.11953125,1.6444546849661,0.989
58,49,9,56,55.8421875,1.84973465015847,1.01
58,49,9,56,55.940625,1.72129365227812,0.99
58,49,9,56,55.9359375,1.67648196259751,0.981
58,49,9,56,55.98828125,1.68115717871313,1.008
58,49,9,56,56.03125,1.58194217583751,0.999
58,50,8,56,56.028125,1.56510709003692,1.001
58,49,9,56,55.809375,1.76169997063972,0.993
58,48,10,56,55.83125,1.7973027310709,1.011
58,49,9,56,55.9359375,1.67648196259751,1.004
58,49,9,56,55.80234375,1.74015559430094,0.998
58,48,10,56,55.77578125,1.91546302687115,1.017
58,47,11,56,55.81796875,1.83199492616645,1.009
58,47,11,56,55.97421875,1.65852436337761,1.011
58,47,11,56,55.97421875,1.65852436337761,1.015
58,48,10,56,56.05625,1.65091724688411,0.992
58,47,11,56,56.0328125,1.77653497703496,1.008
58,47,11,56,55.8484375,1.85490008350344,0.996
58,49,9,56,56.04296875,1.66663357977973,0.989
58,47,11,56,55.921875,1.71963491861584,1.013
58,46,12,56,55.9265625,1.83253049151865,1.016
58,47,11,56,55.83828125,1.77761342118469,1.018
59,58,1,59,58.50703125,0.500145966770326,1.019
59,58,1,58,58.49296875,0.500145966770326,1.012
59,58,1,59,58.51875,0.499843603374342,1
59,58,1,58,58.4921875,0.500134364276187,1.002
59,57,2,58,58.08125,0.735320240533068,1.015
59,57,2,58,58.0421875,0.727931443794495,0.986
59,57,2,58,58.0125,0.732256892335039,0.994
59,56,3,58,57.7921875,0.955917283969709,0.981
59,56,3,58,57.6671875,0.951613532422653,1.008
59,56,3,58,57.68125,0.977443010982498,0.996
59,56,3,58,57.5859375,0.972067621772214,1.014
59,55,4,57,57.2625,1.17499355378932,1.004
59,55,4,58,57.52265625,1.16749799930516,1.003
59,55,4,57,57.328125,1.17512247128442,1
59,55,4,58,57.42890625,1.14388282584925,0.998
59,55,4,58,57.5609375,1.14788001044261,1.016
59,55,4,57,57.36640625,1.13414400243375,0.986
59,55,4,58,57.38671875,1.14662854155751,1.002
59,54,5,57,57.27890625,1.29636240599829,1.004
59,54,5,57,57.15078125,1.3286696182485,0.992
59,54,5,58,57.31015625,1.35372765081465,1.005
59,54,5,57,57.17109375,1.34086270664988,0.993
59,53,6,57,57.09375,1.45743624442637,1.011
59,52,7,57,57.0921875,1.53742010350708,0.996
59,52,7,57,57.11328125,1.53473573471477,1.011
59,52,7,58,57.23828125,1.44655213239473,1.002
59,52,7,57,57.0921875,1.51436227504458,1.009
59,52,7,57,56.871875,1.59724829347983,0.987
59,52,7,57,57.0984375,1.53142655673422,1.004
59,51,8,57,57.18125,1.55482300906665,1.016
59,51,8,57,56.728125,1.70529862290333,0.998
59,51,8,57,57.12109375,1.50895955143713,0.994
59,51,8,57,56.7921875,1.74144213218971,1.015
59,51,8,57,56.95859375,1.64590269315421,0.996
59,51,8,57,57.0109375,1.53200081120592,0.981
59,51,8,57,57.078125,1.59264030070927,0.98
59,50,9,57,57.0734375,1.64597190573364,0.982
59,50,9,58,57.1828125,1.59092959558489,0.989
59,50,9,57,57.028125,1.64926773146118,0.997
59,50,9,57,57.0515625,1.57844077293109,0.988
59,51,8,57,57.12109375,1.50895955143713,0.981
59,50,9,57,57.071875,1.63220795694023,0.993
59,50,9,57,56.95859375,1.71476717972118,1.018
59,50,9,57,56.753125,1.8297317550787,1.011
59,50,9,57,56.9890625,1.57379013312189,0.995
59,50,9,57,56.96875,1.68671162048996,0.989
59,50,9,57,57.1703125,1.57603035411488,0.999
59,49,10,57,56.9421875,1.85724325856932,0.996
59,50,9,57,57.1015625,1.55553863647612,0.996
59,50,9,57,57.025,1.65357905477274,1.009
59,51,8,57,57.146875,1.48234000820386,1.002
59,48,11,57,56.90390625,1.94232324814219,1.016
59,48,11,57,56.8359375,1.81461938987261,0.996
59,48,11,57,56.68203125,1.96760049188362,1.003
59,50,9,57,56.9890625,1.57379013312189,0.997
59,48,11,57,56.90078125,1.81437212903937,0.998
59,48,11,58,57.13515625,1.70718437035783,1.019
59,50,9,57,56.9921875,1.70679593540909,0.985
60,59,1,59,59.49453125,0.500165507204708,0.999
60,59,1,60,59.51484375,0.499974955393097,0.987
60,59,1,59.5,59.5,0.500195427015475,1.019
60,59,1,59,59.49921875,0.500194816424982,1.007
60,59,1,60,59.50625,0.500156347721145,0.987
60,59,1,60,59.50546875,0.500165507204708,1.016
60,58,2,59,59.0359375,0.729339818973478,1.007
60,58,2,59,59.02421875,0.72390718303936,1
60,58,2,59,59.02265625,0.735741698792228,0.982
60,58,2,59,59.03203125,0.735392922982533,1.013
60,58,2,59,59.01875,0.742725997754501,0.993
60,58,2,59,59.021875,0.726676702869009,0.988
60,58,2,59,59.04609375,0.734644988672986,0.982
60,58,2,59,59.0421875,0.734347681149746,1.014
60,57,3,59,58.66875,0.949692349674614,1.003
60,57,3,59,58.7546875,0.968209245908339,0.989
60,57,3,59,58.67265625,0.952279257777257,1.016
60,57,3,59,58.6828125,0.965884798563963,0.985
60,56,4,59,58.4015625,1.1729279052836,1.002
60,56,4,59,58.4265625,1.1525872161586,0.982
60,56,4,58,58.353125,1.15438027672836,1.008
60,55,5,58,58.18828125,1.30962164371518,0.985
60,55,5,58,58.10546875,1.31947632146269,0.991
60,55,5,59,58.36640625,1.32903918946085,1.008
60,54,6,58,58.1203125,1.45816615445941,1.016
60,54,6,58,58.18125,1.3930324777161,1.011
60,54,6,58,58.03984375,1.49143186699159,1.02
60,54,6,58,58.16953125,1.44489928625488,0.988
60,54,6,59,58.3421875,1.3784110791798,1.017
60,53,7,58,57.9796875,1.57369698013976,1.015
60,53,7,58,58.04921875,1.56133381030481,1.01
60,53,7,58,58.00859375,1.53838188315282,1.009
60,53,7,58,58.13359375,1.50790346010482,0.998
60,53,7,58,57.96171875,1.60070455039718,0.998
60,53,7,58,57.91875,1.56524758424985,1.012
60,53,7,58,57.99296875,1.59968153563193,1.02
60,53,7,59,58.27421875,1.51890593180474,0.995
60,52,8,58,57.934375,1.75213206434754,1.01
60,52,8,58,58.08125,1.6095760153466,0.997
60,52,8,59,58.246875,1.54018050280976,1.017
60,52,8,58,58.109375,1.55249238439245,0.997
60,52,8,58,58.03515625,1.58210723602858,0.998
60,51,9,58,58.1671875,1.50999326226044,0.998
60,51,9,58,58.0703125,1.63035893892786,1.003
60,51,9,58,57.98359375,1.56951396807209,1.014
60,50,10,58,58.04609375,1.68984467753886,1.002
60,50,10,58,58.04609375,1.68984467753886,1.017
60,51,9,58,57.88125,1.67162540929222,1.014
60,50,10,58,57.9953125,1.70222038573006,1.013
60,49,11,58,57.6734375,1.81977171561456,1.014
60,49,11,58,57.65,1.84361205106706,0.991
60,49,11,58,57.89453125,1.8941417688392,0.985
60,51,9,58,58.084375,1.71842962932161,1.006
60,49,11,58,57.80625,1.77198024687321,0.998
60,50,10,58,58.0046875,1.70176100552852,1.014
60,51,9,58,57.92890625,1.63487463295533,0.983
60,50,10,58,58.0515625,1.63775740446251,0.993
60,52,8,58,58.1390625,1.47887043380031,1
60,50,10,58,58.16953125,1.53922183124394,1.006
61,60,1,61,60.515625,0.499951131310053,0.983
61,60,1,61,60.5203125,0.499782497649726,0.98
61,60,1,61,60.5046875,0.500173445288117,0.988
61,60,1,61,60.51640625,0.499926084254992,1.011
61,59,2,60,60.05234375,0.744798469758846,1.004
61,59,2,60,60.0390625,0.734520674711991,1.013
61,59,2,60,60.02890625,0.726968745194347,0.993
61,59,2,60,60.084375,0.73390336671867,0.996
61,59,2,60,60.02734375,0.729176905248494,0.997
61,59,2,60,60.05546875,0.737184869262724,1.01
61,58,3,60,59.67578125,0.948415088256469,1.005
61,58,3,60,59.66953125,0.991445710245571,0.991
61,58,3,60,59.6671875,0.96385898343746,0.989
61,58,3,60,59.67421875,0.959357526556575,0.992
61,58,3,60,59.74609375,0.963152429586944,1.007
61,58,3,60,59.6875,0.973856860786541,1.007
61,58,3,60,59.6640625,0.967633707650468,1
61,58,3,60,59.6734375,0.959499183201584,1.005
61,58,3,60,59.7234375,0.954843164669727,0.986
61,58,3,60,59.71796875,0.95692477163526,1.004
61,57,4,59,59.38125,1.13027496706456,1.014
61,57,4,60,59.4296875,1.16358343377237,0.999
61,57,4,59,59.33203125,1.18033360822292,1.019
61,57,4,59,59.3390625,1.16867067449565,1.02
61,57,4,59,59.30234375,1.1454069029045,0.984
61,57,4,59,59.33125,1.150024645349,0.983
61,57,4,59,59.36328125,1.15156154604585,0.981
61,57,4,59,59.40390625,1.1590418479406,1.013
61,56,5,60,59.31484375,1.3067808864472,1.016
61,56,5,59,59.22578125,1.32567985088579,0.98
61,56,5,59,59.21875,1.33479038188222,1.005
61,56,5,59,59.21875,1.33479038188222,1.015
61,56,5,59,59.1609375,1.36321805576099,1.001
61,56,5,59,59.2796875,1.31624595750229,1.016
61,56,5,59,59.090625,1.32028366061535,1.006
61,56,5,59,59.20078125,1.3662408030002,1.009
61,56,5,59,59.14375,1.32030216647163,0.981
61,56,5,59,59.14375,1.32030216647163,1.02
61,55,6,59,59.015625,1.51708732391949,1.012
61,55,6,59,59.1875,1.45481863594302,1.004
61,55,6,59,59.1046875,1.46151352863071,0.985
61,55,6,60,59.2609375,1.38540557678863,1.01
61,54,7,59,58.921875,1.66135948080849,0.994
61,54,7,59,59.09140625,1.50326864838009,0.99
61,53,8,59,58.965625,1.59074913140374,0.999
61,53,8,59,58.965625,1.59074913140374,1.008
61,53,8,59,59.1140625,1.53849404830479,1.018
61,53,8,59,58.89765625,1.65697827048471,0.999
61,53,8,59,58.93046875,1.64352729021296,0.985
61,53,8,59,59.09453125,1.56225056648616,0.996
61,53,8,59,58.81875,1.76623486936499,0.989
61,53,8,59,58.8984375,1.74145896860294,0.997
61,53,8,59,58.91875,1.67059609760852,0.983
61,53,8,60,59.21015625,1.60542180689961,0.984
61,53,8,60,59.21015625,1.60542180689961,0.999
61,53,8,59,58.98984375,1.7060963148244,0.984
61,53,8,59,59.0625,1.54954658050679,1.014
61,52,9,59,59.0046875,1.70405666813788,0.989
61,52,9,59,58.88515625,1.77378133097772,0.985
61,52,9,59,59.1390625,1.54151486549162,1.003
61,52,9,59,59.01640625,1.6666379778284,0.986
61,52,9,59,59.01640625,1.6666379778284,0.999
61,52,9,59,58.81640625,1.76044974990234,1.016
61,52,9,59,59.0078125,1.66317844181548,0.989
61,52,9,59,58.92109375,1.6629689034045,1.003
61,51,10,59,59.01953125,1.78747963322951,1.005
61,52,9,59,59.08984375,1.68483740077331,0.982
61,51,10,59,58.86328125,1.81580977628906,0.987
61,52,9,59,59.0078125,1.66317844181548,1.019
61,51,10,59,58.79296875,1.80524314965017,0.99
61,51,10,59,58.9375,1.62923832316901,0.98
61,51,10,59,58.95546875,1.78089542683048,1.009
61,53,8,59,59.02421875,1.54834755639515,1.006
61,50,11,60,59.1671875,1.68751610770409,1.014
61,50,11,59,58.9109375,1.86189451697398,1.018
61,50,11,59,59.01484375,1.65299216192121,1.002
61,50,11,59,59.003125,1.87072159775987,0.983
61,49,12,59,59.09296875,1.71821331979307,1.018
61,51,10,59,58.796875,1.88678534876294,0.981
61,51,10,59,59.1515625,1.65249044997412,1.011
61,51,10,59,58.884375,1.69275868868185,0.982
61,51,10,59,59.00859375,1.66904050958474,1.01
61,50,11,59,59.1328125,1.59147009771821,0.996
62,61,1,62,61.5109375,0.500075737031688,1.018
62,61,1,62,61.5390625,0.498666615361402,0.985
62,61,1,62,61.50859375,0.500121540153713,0.998
62,61,1,62,61.51328125,0.500018935333401,0.984
62,61,1,62,61.53515625,0.498957450032489,0.996
62,61,1,61,61.4984375,0.500192984649028,0.985
62,60,2,61,61.00859375,0.724261489950185,0.981
62,60,2,61,61.065625,0.729415190902489,1.014
62,60,2,61,61.065625,0.73475514901703,0.988
62,60,2,61,61.06328125,0.732296514470437,0.981
62,60,2,61,60.97578125,0.718486604863484,1.011
62,60,2,61,61.04921875,0.723718148429283,0.994
62,60,2,61,61.02890625,0.722653907385316,0.996
62,60,2,61,61.0734375,0.735079298749169,0.986
62,60,2,61,61.0734375,0.735079298749169,1.001
62,59,3,61,60.6984375,0.96198130627368,1.02
62,59,3,61,60.62578125,0.946475796699154,1.019
62,59,3,61,60.6390625,0.933792185645938,0.985
62,59,3,61,60.6921875,0.952639998720315,0.992
62,59,3,61,60.6953125,0.97151448916541,0.992
62,58,4,61,60.475,1.16005985125044,1.005
62,58,4,61,60.43359375,1.16381307885992,0.986
62,57,5,60,60.228125,1.35820199754875,1.015
62,57,5,60,60.2046875,1.35098257903301,0.994
62,57,5,60,60.17578125,1.36052041816675,1.007
62,57,5,61,60.41328125,1.29544043688923,1.002
62,57,5,60,60.2890625,1.34072170679611,1.017
62,57,5,60,60.190625,1.36397509830779,1.005
62,57,5,60,60.27265625,1.3409538133707,1.014
62,56,6,60,60.1015625,1.42873363803198,1
62,56,6,60,60.10703125,1.49283844712096,0.99
62,56,6,60,60.175,1.44991978964474,0.982
62,56,6,60,60.1046875,1.49640483284724,1.012
62,55,7,60,60,1.61405089184632,1.01
62,55,7,61,60.2796875,1.51093793522333,0.999
62,55,7,60,60.0875,1.59264336896359,0.995
62,55,7,60,59.98984375,1.55605904664502,1.014
62,55,7,60,59.99765625,1.57903409890239,1.011
62,55,7,60,60.05078125,1.57970395845688,1.012
62,54,8,60,59.8265625,1.75414105713281,0.994
62,54,8,60,60.10078125,1.46419321869259,1.014
62,54,8,60,60.0390625,1.59064084306737,1.002
62,53,9,60,60.096875,1.59062625045841,1.02
62,53,9,60,59.94453125,1.69971292216872,0.999
62,53,9,60,59.80078125,1.83489740585987,0.997
62,53,9,60,59.6984375,1.85932068164298,1.02
62,52,10,60,60.21640625,1.55761276334134,0.985
62,52,10,61,60.11875,1.69485031547587,0.981
62,54,8,60,60.0578125,1.60475297629683,1.013
62,52,10,60,59.9828125,1.75059955662688,0.988
62,52,10,61,60.221875,1.65116290434023,0.991
62,52,10,60,59.8546875,1.79063934642354,0.998
62,52,10,60,59.90625,1.72656881557101,1.011
62,52,10,60,59.86640625,1.72552820634475,1.015
62,51,11,60,59.9765625,1.68544727175428,1.012
62,51,11,60,59.98828125,1.83971141521768,1.016
62,52,10,60,60.04765625,1.68980130053833,1.017
62,51,11,60,60.0296875,1.71842607474252,0.996
62,51,11,60,59.89140625,1.80605909852289,0.981
62,51,11,60,59.99765625,1.70107655025516,1.006
62,50,12,60,60.10078125,1.77419589837459,1.003
62,50,12,60,59.92421875,1.72359997888622,1.008
62,50,12,60,59.97109375,1.87655184021932,1.016
62,50,12,60,60.0484375,1.74867242730423,0.992
62,54,8,60,60.1484375,1.53249832435526,1.015
63,62,1,63,62.5109375,0.500075737031688,0.982
63,62,1,63,62.52421875,0.499608305332129,1.012
63,62,1,63,62.509375,0.500107494308929,1.009
63,62,1,63,62.5203125,0.499782497649726,0.989
63,62,1,62,62.49453125,0.500165507204708,0.993
63,61,2,62,62.08203125,0.741059148813816,0.997
63,61,2,62,62.071875,0.737357611385425,1.006
63,61,2,62,62.03828125,0.727610405954855,1.001
63,61,2,62,62.0703125,0.737508365200832,0.988
63,61,2,62,62.04609375,0.729304223965971,0.992
63,60,3,62,61.69453125,0.974884656175269,1.004
63,60,3,62,61.66015625,0.942924753360729,0.991
63,60,3,62,61.69921875,0.949547943450803,1.014
63,60,3,62,61.68671875,0.942180782885528,0.988
63,60,3,62,61.71875,0.934421254323587,1.001
63,60,3,62,61.6515625,0.94268795190546,1.001
63,60,3,62,61.6484375,0.959621404936934,1.001
63,59,4,62,61.44296875,1.14398748426357,1.007
63,59,4,62,61.4109375,1.17567436938565,1.008
63,58,5,61,61.29453125,1.28622998840515,1.006
63,58,5,61,61.1828125,1.3529632942278,0.98
63,58,5,61,61.178125,1.39623852446526,1.016
63,58,5,61,61.1015625,1.3224461646824,0.987
63,58,5,61,61.2,1.33948282178872,0.985
63,58,5,61,61.2515625,1.35058464015074,1.018
63,57,6,62,61.321875,1.42286354116026,0.999
63,57,6,61,61.09453125,1.43658272056223,1.004
63,57,6,61,61.09453125,1.43658272056223,1.019
63,56,7,61,60.9515625,1.67187021611922,1.004
63,56,7,61,60.98671875,1.63493291729595,0.995
63,56,7,61,60.98046875,1.58435266061746,1.019
63,56,7,61,61.128125,1.50967365434104,0.985
63,55,8,61,61.05859375,1.60204264373017,1.014
63,55,8,62,61.184375,1.54081492506637,0.991
63,55,8,61,60.92734375,1.59804487875628,0.988
63,55,8,61,61.0546875,1.61457684408559,0.985
63,55,8,61,60.97734375,1.67778638014857,0.99
63,55,8,61,60.97734375,1.67778638014857,1.012
63,55,8,62,61.13828125,1.67829454248794,1.02
63,54,9,61,60.85390625,1.778087557627,0.988
63,54,9,61,60.92734375,1.79397021685862,1.018
63,54,9,61,60.7875,1.85523792016609,1.016
63,55,8,61,61.13046875,1.53744294852737,0.982
63,54,9,61,60.94296875,1.70746343072966,1.009
63,53,10,61,60.9046875,1.655273723139,0.986
63,53,10,61,60.95234375,1.83444860807292,0.989
63,54,9,61,60.98125,1.61636228995379,0.984
63,53,10,61,60.9578125,1.69894459144052,1.01
63,53,10,61,61.01015625,1.65727905357401,1.004
63,53,10,61,61.0859375,1.52193934010683,0.98
63,53,10,61,60.87734375,1.86061247634708,0.995
63,52,11,61,60.95,1.76951864840923,1.007
63,53,10,61,60.9921875,1.73541546309647,1.012
63,52,11,61,60.8984375,1.85029990912658,1.006
63,52,11,61,61.03125,1.81789170689953,0.985
63,52,11,61,61.0484375,1.70429179883454,1.016
63,53,10,61,61.00390625,1.71526296175004,1.002
63,53,10,61,60.9,1.83212578991891,1.006
63,53,10,61,60.81953125,1.85378587305418,1.013
63,55,8,61,61.13046875,1.53744294852737,0.999
64,63,1,64,63.509375,0.500107494308929,0.996
64,63,1,63,63.49921875,0.500194816424982,1.02
64,63,1,64,63.51328125,0.500018935333401,1.015
64,63,1,64,63.52734375,0.499446894034698,0.996
64,62,2,63,63.0296875,0.722081018219255,0.992
64,62,2,63,63.02734375,0.739821718877745,1.012
64,62,2,63,63.09765625,0.728506439993365,1.01
64,62,2,63,63.046875,0.726569100861589,0.995
64,62,2,63,63.071875,0.736296492868515,1.014
64,61,3,63,62.778125,0.956025907376296,1.003
64,61,3,63,62.5921875,0.948692312188536,0.988
64,61,3,63,62.60546875,0.966912223749539,0.986
64,61,3,63,62.69609375,0.947726990949668,0.98
64,61,3,63,62.63515625,0.967258350582157,0.999
64,60,4,63,62.4421875,1.15483207387171,1.001
64,60,4,63,62.4390625,1.10484287371823,0.984
64,58,6,62,62.0828125,1.45218873793001,1.014
64,58,6,62,62.203125,1.45594344179559,0.997
64,58,6,62,61.99140625,1.53073936173003,1.008
64,58,6,62,61.80390625,1.51091428516993,1
64,58,6,62,62.1984375,1.45766338533867,0.999
64,58,6,62,62.1515625,1.4776407232866,1.014
64,58,6,62,62.17578125,1.41129400105991,0.981
64,58,6,63,62.2171875,1.45337273891365,0.992
64,58,6,63,62.2359375,1.4606506403647,1.019
64,57,7,62,62.15390625,1.60547355116642,1.012
64,57,7,62,62.1046875,1.59356894485843,1.01
64,57,7,62,61.97890625,1.60248791831403,0.991
64,57,7,62,61.97890625,1.60248791831403,1.008
64,57,7,63,62.221875,1.5024055509102,1.007
64,56,8,62,61.865625,1.76378464624864,0.995
64,56,8,63,62.23125,1.49106014622348,0.986
64,56,8,62,61.92890625,1.66707772410104,0.99
64,56,8,63,62.17421875,1.56439798719936,0.993
64,55,9,62,61.71015625,1.7701079705278,0.992
64,55,9,62,61.81328125,1.7224031384507,1.012
64,55,9,62,61.99453125,1.71525868837939,0.99
64,55,9,62,61.62890625,1.96026407340701,1.02
64,55,9,62,62.06171875,1.63621166096926,1.015
64,55,9,62,61.9390625,1.67286369082146,0.987
64,55,9,62,62.03359375,1.69106456117979,1.007
64,55,9,62,62.15390625,1.62724085435575,0.993
64,56,8,63,62.17421875,1.56439798719936,1.011
64,56,8,62,62.09453125,1.53905673587404,1.015
64,55,9,62,61.93046875,1.61666741813282,1.008
64,54,10,62,62.06875,1.74575325218477,1.01
64,53,11,62,62.01640625,1.75439924401163,1
64,57,7,62,62.16015625,1.54174843851207,1.012
64,53,11,62,61.95546875,1.79488930420434,1.008
64,53,11,62,62.04296875,1.69316260994905,1.009
64,54,10,62,61.9546875,1.77801970889606,0.984
64,54,10,62,61.8671875,1.88517567200196,0.997
64,54,10,62,62.053125,1.62476617671807,0.996
64,52,12,62,61.86015625,1.8190134643222,1.009
64,53,11,62,61.96953125,1.83864597295892,1.013
64,52,12,62,62.00703125,1.7962990183189,1.006
64,55,9,62,62.03359375,1.69106456117979,1.011
